PID AA_21 AA_22 AA_23 AA_24 AA_25 AA_26 AA_27 AA_28 AA_29 AA_30 AA_31 AA_32 AA_33 AA_34 AA_35 AA_36 AA_37 AA_38 AA_39 AA_40
Pathogen_1 1 1 1 1 1 1 1 1 0 0 1 0 0 0 0 1 1 1 1 0
Pathogen_2 0 0 1 1 0 0 0 0 0 0 1 1 1 1 0 1 1 0 1 0
Pathogen_3 0 0 0 1 0 1 0 0 0 0 1 1 1 1 0 1 1 1 1 1
Pathogen_4 1 1 0 0 0 1 0 1 0 0 1 0 1 0 0 1 1 0 0 0
Pathogen_5 1 0 1 0 1 0 0 0 0 0 0 0 1 1 0 1 0 1 1 0
Pathogen_6 0 0 1 0 1 0 0 0 1 0 1 0 0 1 0 1 0 1 1 0
Pathogen_7 1 0 0 1 1 1 0 0 0 0 0 1 0 1 1 1 0 0 1 0
Pathogen_8 0 0 0 0 1 0 0 0 1 0 0 1 1 0 0 0 0 1 0 0
Pathogen_9 0 1 0 0 1 0 0 0 1 0 1 1 0 0 1 1 1 0 0 0
Pathogen_10 1 1 1 1 0 0 0 1 1 0 1 1 1 0 0 1 0 0 0 0
Pathogen_11 1 0 1 0 1 1 0 1 1 0 1 0 0 0 0 1 1 0 0 1
Pathogen_12 1 0 1 0 1 1 0 0 1 1 1 0 1 0 0 1 0 0 1 0
Pathogen_13 1 0 0 0 1 1 0 0 1 0 1 0 0 0 1 0 1 0 1 1
Pathogen_14 1 0 1 1 1 1 0 1 0 0 0 0 1 0 1 0 0 0 0 0
Pathogen_15 0 0 1 1 1 1 0 1 0 0 1 0 0 1 0 1 0 0 1 0
Pathogen_16 1 0 1 0 1 1 0 0 1 0 0 1 0 0 0 0 1 0 0 1
Pathogen_17 0 0 1 0 0 0 0 1 1 0 1 0 0 0 0 0 0 0 0 0
Pathogen_18 1 0 0 0 1 1 1 0 0 0 0 1 0 1 1 1 1 0 0 0
Pathogen_19 1 0 0 1 1 1 0 0 0 1 1 0 1 1 1 1 0 0 0 1
Pathogen_20 0 1 0 1 1 1 0 1 0 0 0 0 0 1 0 1 1 1 1 1
Pathogen_21 0 0 0 0 1 0 0 1 1 0 1 1 1 0 0 1 0 1 0 0
Pathogen_22 0 1 1 0 1 1 0 0 1 0 1 0 0 0 0 1 0 0 0 0
Pathogen_23 0 1 1 1 1 0 0 0 1 0 0 1 1 0 0 0 0 0 0 1
Pathogen_24 1 0 0 0 0 1 0 0 0 1 1 0 0 0 1 1 0 0 0 0
Pathogen_25 0 0 1 0 1 1 1 0 0 0 0 1 0 1 0 0 0 1 0 0
Pathogen_26 1 1 0 1 1 0 0 1 1 0 1 1 1 0 0 1 1 1 1 0
Pathogen_27 1 1 0 1 1 0 0 0 0 1 1 0 1 1 0 0 0 0 0 0
Pathogen_28 0 1 1 1 0 0 0 0 1 0 0 1 1 1 0 1 0 0 1 0
Pathogen_29 1 1 1 0 1 1 0 1 1 0 0 0 0 1 1 1 0 0 1 0
Pathogen_30 1 1 0 1 1 0 1 0 0 0 1 0 1 1 0 1 0 0 0 0
Pathogen_31 1 1 1 0 1 0 0 1 0 0 1 1 0 0 0 1 0 0 1 0
Pathogen_32 1 0 0 1 1 1 0 0 0 0 1 0 0 0 0 0 0 0 0 0
Pathogen_33 1 1 0 0 1 1 0 1 1 0 0 0 1 0 0 1 1 0 1 0
Pathogen_34 0 0 1 1 1 1 0 1 0 0 0 1 0 0 0 0 1 0 0 0
Pathogen_35 1 1 0 0 1 0 0 0 0 0 0 1 0 0 0 1 0 1 0 0
Pathogen_36 1 0 1 1 1 0 0 1 1 0 0 0 0 1 0 1 0 1 0 1
Pathogen_37 1 1 1 0 0 1 0 1 0 0 0 0 0 0 0 0 1 0 1 1
Pathogen_38 1 1 0 0 1 1 0 0 0 0 0 0 0 0 1 0 0 0 0 0
Pathogen_39 0 0 0 0 1 0 1 0 0 0 0 0 1 1 0 1 0 0 1 1
Pathogen_40 0 1 0 1 0 1 1 1 0 0 1 1 1 1 0 0 0 0 0 0
Pathogen_41 1 1 0 1 1 1 0 1 0 1 0 0 1 0 0 1 0 0 0 0
Pathogen_42 0 0 1 1 1 1 1 1 0 0 1 0 0 1 0 0 0 0 0 0
Pathogen_43 1 0 0 0 1 0 1 1 0 1 1 0 0 0 1 0 0 0 1 0
Pathogen_44 1 0 1 0 1 1 1 0 1 0 1 1 1 0 1 1 0 0 0 0
Pathogen_45 1 1 0 1 1 1 0 1 1 0 0 0 0 0 0 0 0 1 1 0
Pathogen_46 0 0 1 0 1 1 0 1 0 0 1 0 0 1 1 1 0 0 1 0
Pathogen_47 1 0 1 0 1 1 0 1 1 0 1 0 1 0 0 1 0 1 1 0
Pathogen_48 1 0 0 1 1 1 0 0 0 0 0 0 1 0 0 0 1 0 0 0
Pathogen_49 1 0 0 0 0 1 0 0 0 0 0 0 0 0 1 1 1 1 0 0
Pathogen_50 1 1 1 0 1 0 0 0 0 0 0 0 0 0 0 1 0 0 0 1
Pathogen_51 0 1 0 0 1 1 0 0 0 0 0 1 0 0 0 0 0 0 1 1
Pathogen_52 0 0 0 0 1 0 0 0 0 0 1 0 1 0 0 1 0 0 0 0
Pathogen_53 0 1 0 0 1 0 0 1 0 0 1 0 0 0 0 1 0 0 1 0
Pathogen_54 1 1 0 1 1 0 0 1 0 0 0 1 0 0 0 0 0 1 0 0
Pathogen_55 0 1 0 0 1 0 0 0 0 0 0 0 0 0 0 0 0 0 1 0
Pathogen_56 0 0 0 0 1 0 0 1 0 0 1 1 0 0 0 1 1 0 1 0
Pathogen_57 1 1 0 1 1 0 0 0 0 1 1 0 1 0 0 1 0 0 0 0
Pathogen_58 1 1 1 0 1 1 0 0 1 0 1 1 0 1 0 1 0 1 1 1
Pathogen_59 1 1 0 0 1 1 0 1 0 0 1 1 0 0 1 1 0 0 0 0
Pathogen_60 0 0 0 1 1 0 0 0 1 0 0 1 0 1 1 1 0 1 0 0
Pathogen_61 1 1 1 0 1 0 0 1 0 0 1 1 0 0 0 0 0 0 0 0
Pathogen_62 1 0 0 0 1 1 0 0 1 0 0 0 1 0 1 1 0 1 0 0
Pathogen_63 0 1 0 1 1 1 0 1 0 0 1 0 1 0 0 1 0 0 1 1
Pathogen_64 0 0 1 0 1 1 0 1 0 0 1 1 0 0 0 1 0 0 0 0
Pathogen_65 1 0 0 0 1 0 0 0 1 0 0 1 0 0 1 1 1 0 1 0
Pathogen_66 1 0 0 0 1 1 0 0 1 0 1 0 0 0 0 1 0 0 1 0
Pathogen_67 0 1 0 0 1 0 0 1 0 0 1 0 1 0 0 0 0 0 0 0
Pathogen_68 1 1 1 1 1 1 0 0 0 0 1 0 0 0 0 1 0 0 0 0
Pathogen_69 1 0 0 0 0 1 0 0 0 1 0 0 1 0 0 1 0 0 1 0
Pathogen_70 0 1 0 1 1 1 1 0 0 0 0 1 0 0 1 1 0 1 0 0
Pathogen_71 0 1 0 1 1 1 1 0 1 0 0 1 1 0 0 0 0 0 1 0
Pathogen_72 0 1 0 1 1 0 0 1 0 1 0 0 0 0 0 0 1 0 0 0
Pathogen_73 1 0 0 0 1 1 0 1 0 0 1 0 1 0 1 1 1 0 1 0
Pathogen_74 0 1 0 0 1 1 0 1 1 0 0 0 1 0 0 1 0 0 1 0
Pathogen_75 1 0 0 1 1 1 0 0 1 1 1 0 1 0 0 0 0 0 1 0
Pathogen_76 1 0 0 0 1 1 0 0 0 0 0 0 1 1 0 1 0 0 1 0
Pathogen_77 1 1 0 0 1 0 0 1 0 0 0 0 0 1 1 1 1 0 1 0
Pathogen_78 0 0 1 0 1 1 0 0 0 0 0 0 1 0 0 1 0 0 1 0
Pathogen_79 1 0 0 1 1 0 0 1 0 0 1 0 0 1 0 1 0 0 1 1
Pathogen_80 0 0 1 0 1 0 0 0 0 0 1 1 1 1 1 1 1 0 1 0
Pathogen_81 0 1 1 0 1 0 0 0 1 0 0 0 1 0 0 1 0 1 0 0
Pathogen_82 1 1 0 1 0 0 0 1 1 0 1 0 1 0 0 0 0 1 0 0
Pathogen_83 1 0 0 1 1 0 0 0 1 0 1 1 0 0 1 1 0 1 1 0
Pathogen_84 1 1 0 0 1 1 0 0 0 0 1 1 0 1 1 1 1 0 0 0
Pathogen_85 0 0 0 0 1 1 1 1 0 0 1 0 1 0 0 1 0 0 1 1
Pathogen_86 0 1 0 1 1 1 0 0 1 0 0 0 0 1 0 1 1 1 1 0
Pathogen_87 1 0 0 0 1 0 0 0 0 0 1 1 1 1 0 1 0 1 0 1
Pathogen_88 0 1 1 0 1 0 1 0 0 0 1 0 0 0 1 1 0 0 0 0
Pathogen_89 1 0 0 1 1 0 0 0 1 0 0 0 0 0 0 1 1 0 1 0
Pathogen_90 1 1 1 1 1 0 1 0 0 0 0 1 0 1 1 0 1 0 0 1
Pathogen_91 0 1 0 0 1 1 1 0 0 0 0 1 0 1 0 1 0 1 0 0
Pathogen_92 1 1 0 1 1 1 0 1 0 0 0 0 0 0 1 1 0 0 0 0
Pathogen_93 1 0 0 0 0 0 0 0 0 0 1 1 0 0 0 1 0 0 0 0
Pathogen_94 1 0 0 1 1 1 0 1 1 0 0 0 0 1 1 1 0 1 0 0
Pathogen_95 0 0 1 1 1 0 0 0 1 0 1 0 1 1 0 1 0 1 0 0
Pathogen_96 1 1 1 1 1 0 1 0 0 0 1 0 0 1 1 1 0 0 1 0
Pathogen_97 0 0 0 0 1 1 0 1 0 0 1 0 1 1 0 0 0 0 0 0
Pathogen_98 0 1 0 0 0 1 1 1 0 0 0 0 0 1 0 0 0 0 0 0
Pathogen_99 0 1 1 0 1 0 0 0 0 0 1 1 1 1 1 0 0 0 1 0
Pathogen_100 0 0 0 0 1 0 1 1 0 0 1 0 0 0 1 1 0 0 1 1
Pathogen_101 1 1 0 0 1 1 0 0 0 1 1 0 1 0 0 1 0 0 1 0
Pathogen_102 1 1 0 0 1 1 1 1 1 0 1 0 1 1 0 0 0 0 0 0
Pathogen_103 0 1 0 0 1 1 0 1 0 0 1 1 0 0 0 1 0 0 1 0
Pathogen_104 0 0 1 1 1 1 0 1 0 0 0 0 0 0 0 1 1 0 0 1
Pathogen_105 1 1 0 1 1 0 0 0 1 0 0 1 1 0 1 1 0 0 1 0
Pathogen_106 1 1 1 0 1 1 0 0 0 0 1 1 1 0 0 1 0 0 0 0
Pathogen_107 1 1 1 1 1 0 1 1 0 1 0 1 0 0 0 1 1 0 1 1
Pathogen_108 1 1 0 1 1 1 0 1 1 0 1 0 0 0 1 1 0 0 0 0
Pathogen_109 1 1 1 0 1 1 0 1 0 1 0 0 1 0 1 1 0 0 1 0
Pathogen_110 1 1 0 1 1 1 0 0 0 0 0 1 0 0 0 1 0 0 1 0
Pathogen_111 1 0 0 0 0 1 0 1 1 0 0 0 0 0 0 1 1 0 1 0
Pathogen_112 1 1 0 1 1 1 1 0 0 0 0 0 1 1 0 1 0 0 1 0
Pathogen_113 1 0 0 1 1 0 0 1 0 0 0 0 0 1 0 1 0 0 0 1
Pathogen_114 1 0 0 0 1 0 0 0 1 0 0 0 0 0 0 0 0 0 1 0
Pathogen_115 1 0 1 0 1 1 0 0 0 0 1 0 1 0 0 1 1 0 1 0
Pathogen_116 0 1 0 0 1 1 0 0 1 0 1 0 1 0 0 1 0 0 1 0
Pathogen_117 1 0 1 0 1 0 0 1 1 0 1 1 0 1 0 1 0 0 0 0
Pathogen_118 0 0 0 0 1 1 0 1 1 0 0 1 1 0 0 1 0 0 1 0
Pathogen_119 1 0 1 0 1 0 0 1 0 0 0 0 0 0 0 1 1 0 1 0
Pathogen_120 1 0 0 1 0 0 0 1 1 0 1 0 0 1 0 1 0 0 0 1
Pathogen_121 0 1 1 0 1 0 0 1 1 0 1 1 0 1 0 1 1 0 1 0
Pathogen_122 0 0 0 0 1 0 0 0 0 0 0 1 1 0 0 1 0 1 1 1
Pathogen_123 1 1 0 0 1 1 0 0 1 1 0 0 1 0 1 0 0 0 1 0
Pathogen_124 1 0 0 1 0 1 0 0 0 0 1 0 0 0 0 0 0 1 0 0
Pathogen_125 0 1 1 0 1 0 0 1 0 0 1 0 0 0 0 1 1 1 0 0
Pathogen_126 0 1 1 0 1 1 0 1 0 0 0 0 0 0 1 0 1 0 0 1
Pathogen_127 1 1 0 0 1 0 1 1 1 0 1 0 0 1 0 1 0 0 0 1
Pathogen_128 1 1 1 0 1 0 0 0 1 0 0 0 1 0 0 1 1 0 1 0
Pathogen_129 0 1 1 0 1 1 0 0 1 0 1 1 0 1 0 1 1 0 1 0
Pathogen_130 0 1 1 1 1 1 0 0 1 0 1 1 1 1 0 1 0 0 0 1
Pathogen_131 0 1 0 0 1 1 0 0 1 0 0 0 1 0 0 0 0 0 1 0
Pathogen_132 1 0 0 0 1 1 0 0 0 0 1 1 0 1 1 0 1 1 1 0
Pathogen_133 1 0 0 1 1 0 1 1 0 0 1 0 1 0 0 1 0 0 1 1
Pathogen_134 0 1 0 0 1 1 0 1 1 0 1 1 0 1 0 1 0 1 1 0
Pathogen_135 0 0 1 0 1 1 0 0 1 0 0 1 0 1 0 1 0 1 0 0
Pathogen_136 0 1 0 0 1 1 0 1 0 1 0 0 0 0 0 1 1 0 0 0
Pathogen_137 0 1 1 1 1 1 0 1 1 0 1 0 0 1 0 1 1 0 0 0
Pathogen_138 1 1 0 1 1 1 0 1 0 1 1 0 0 0 1 1 0 0 1 0
Pathogen_139 1 1 1 1 1 1 1 1 1 1 1 0 1 0 0 1 0 1 1 0
Pathogen_140 1 1 0 1 1 1 1 0 1 0 0 1 0 0 0 0 0 0 0 0
Pathogen_141 1 0 1 0 1 1 1 0 0 0 1 1 1 0 1 1 1 0 1 0
Pathogen_142 0 1 1 1 1 0 1 0 1 0 0 0 1 0 0 1 0 1 0 0
Pathogen_143 1 1 0 1 1 1 0 1 0 0 1 1 0 0 0 0 0 1 0 0
Pathogen_144 1 0 1 0 1 1 0 1 1 0 1 1 0 0 0 1 0 0 1 1
Pathogen_145 1 1 1 0 1 0 0 0 1 0 0 0 0 1 0 1 0 0 1 0
Pathogen_146 0 0 1 0 1 0 1 0 0 0 0 0 0 0 1 1 1 1 1 1
Pathogen_147 0 1 0 1 1 0 0 1 0 0 1 0 0 1 0 0 0 0 0 0
Pathogen_148 1 0 0 0 1 1 0 1 0 0 1 0 0 0 0 0 0 1 0 1
Pathogen_149 0 0 0 0 1 1 0 1 1 0 0 1 1 0 1 1 0 0 0 1
Pathogen_150 1 0 0 0 1 0 0 1 0 0 0 0 0 0 0 1 0 0 0 0
Pathogen_151 0 1 1 0 1 0 1 1 0 0 0 1 0 1 0 0 0 0 0 0
Pathogen_152 0 0 0 0 0 0 0 1 0 0 0 0 0 0 1 0 0 0 1 1
Pathogen_153 0 0 0 1 0 0 0 1 0 0 1 0 0 0 0 0 0 0 0 1
Pathogen_154 0 0 0 0 0 0 0 1 0 0 0 0 0 0 0 0 0 1 0 0
Pathogen_155 0 0 0 1 0 0 0 1 1 0 0 0 0 1 0 1 1 0 0 1
Pathogen_156 1 0 1 0 0 1 0 0 0 0 0 0 0 0 0 0 1 0 0 0
Pathogen_157 0 0 0 1 0 0 1 0 0 0 0 0 0 0 1 1 0 0 0 0
Pathogen_158 0 0 0 0 0 0 1 0 0 0 1 0 0 0 0 0 0 0 0 0
Pathogen_159 0 0 0 0 1 0 0 1 1 1 0 0 0 1 0 0 0 0 0 0
Pathogen_160 0 1 0 1 0 0 0 1 1 0 1 0 0 1 0 0 1 0 0 0
Pathogen_161 0 1 0 0 1 0 0 1 1 0 0 0 0 1 0 1 0 0 0 0
Pathogen_162 0 0 0 1 0 0 0 1 0 0 0 0 0 0 0 0 1 0 0 0
Pathogen_163 0 1 0 1 0 0 0 0 1 0 0 0 0 1 0 0 0 0 0 1
Pathogen_164 0 0 0 0 1 0 1 0 0 0 1 0 0 1 0 0 0 0 0 0
Pathogen_165 1 0 0 0 1 0 0 0 0 0 0 0 0 1 0 0 0 0 0 0
Pathogen_166 0 0 0 0 0 0 0 0 1 0 0 0 0 1 0 0 0 1 0 1
Pathogen_167 0 1 0 1 0 0 0 0 0 0 0 0 0 0 0 0 0 0 0 0
Pathogen_168 0 0 0 0 1 0 0 1 1 0 0 0 0 0 1 0 0 0 0 0
Pathogen_169 0 0 0 0 0 0 0 1 0 0 0 0 0 0 0 0 0 0 0 1
Pathogen_170 0 0 1 1 1 1 0 0 0 0 0 0 0 0 0 1 0 0 1 1
Pathogen_171 0 0 0 0 0 0 0 1 1 0 0 0 0 1 0 1 1 0 0 0
Pathogen_172 0 1 0 0 1 0 0 1 1 0 0 0 0 0 1 0 0 0 0 1
Pathogen_173 0 0 0 0 0 0 0 0 0 0 0 0 0 0 0 0 0 0 0 0
Pathogen_174 0 1 0 0 0 0 0 0 1 0 1 0 0 1 0 1 0 0 0 0
Pathogen_175 0 1 0 1 0 1 0 1 0 0 1 0 0 1 0 1 0 0 0 0
Pathogen_176 0 0 0 0 0 0 0 0 0 0 1 1 0 1 0 1 0 0 0 0
Pathogen_177 0 0 0 0 0 0 1 1 0 0 0 0 0 1 0 0 1 0 0 0
Pathogen_178 0 1 0 0 0 1 0 0 0 0 1 0 0 0 0 0 1 0 0 0
Pathogen_179 0 0 0 1 1 0 0 0 0 0 0 0 0 0 0 0 0 0 0 0
Pathogen_180 0 0 0 0 1 0 0 0 0 0 0 0 0 1 0 0 0 0 0 0
Pathogen_181 0 0 0 0 0 0 1 0 0 0 0 0 0 0 1 1 0 0 0 1
Pathogen_182 0 0 0 0 1 0 0 1 1 0 0 0 1 0 1 0 0 0 0 0
Pathogen_183 0 0 0 0 0 0 0 0 1 0 0 0 0 0 0 0 0 0 1 0
Pathogen_184 0 0 0 0 0 0 0 0 0 0 0 0 0 0 0 0 0 1 0 1
Pathogen_185 0 1 0 1 1 0 0 0 1 0 0 0 0 1 1 0 1 0 1 0
Pathogen_186 0 0 0 0 1 0 0 0 0 0 0 0 0 0 0 0 0 0 0 0
Pathogen_187 0 1 0 1 1 1 0 0 1 1 0 1 1 1 0 1 0 1 0 0
Pathogen_188 1 0 0 0 1 1 0 0 0 0 0 1 0 0 0 1 0 0 1 0
Pathogen_189 0 1 0 1 0 0 0 1 0 0 0 0 0 0 1 1 1 0 0 0
Pathogen_190 0 0 0 1 0 0 0 0 0 0 0 0 0 0 1 1 0 1 0 0
Pathogen_191 0 0 0 1 1 0 0 1 0 0 0 0 0 0 1 0 0 0 0 0
Pathogen_192 0 1 0 0 1 0 0 0 0 0 0 1 0 1 0 0 0 0 1 0
Pathogen_193 0 0 0 1 0 0 1 0 1 0 0 0 0 1 0 0 0 0 0 0
Pathogen_194 0 0 1 0 0 0 1 0 0 0 0 1 0 0 0 1 0 0 0 0
Pathogen_195 0 0 0 1 0 0 0 0 0 0 0 0 0 1 0 0 0 0 0 1
Pathogen_196 0 0 0 1 1 0 0 0 0 0 1 0 1 1 1 1 0 1 1 0
Pathogen_197 0 0 0 0 0 0 0 0 1 0 0 0 0 1 0 0 0 0 1 1
Pathogen_198 1 0 0 0 1 0 1 0 1 0 1 0 0 0 0 0 0 0 0 0
Pathogen_199 0 0 0 0 0 0 1 0 0 0 0 0 0 0 0 0 0 0 0 0
Pathogen_200 0 0 0 0 1 0 1 0 1 0 1 0 0 0 1 0 0 0 0 0
Pathogen_201 0 0 0 1 0 0 0 0 1 0 0 0 0 0 0 0 0 0 1 0
Pathogen_202 0 1 0 0 0 0 0 0 0 0 0 0 0 1 1 1 1 0 0 0
Pathogen_203 0 0 0 0 0 0 0 0 0 0 0 0 0 0 1 0 1 0 0 0
Pathogen_204 0 0 0 1 0 0 0 0 1 1 0 0 0 1 0 0 1 0 0 1
Pathogen_205 0 1 0 0 0 0 0 0 0 0 0 1 0 0 0 0 1 0 0 0
Pathogen_206 1 0 0 0 0 0 0 1 1 1 0 0 0 0 0 1 0 0 1 1
Pathogen_207 0 1 0 0 0 1 0 1 0 0 1 0 0 1 0 0 0 0 1 0
Pathogen_208 0 0 0 0 0 0 1 0 1 0 0 0 0 1 0 1 1 0 0 0
Pathogen_209 0 0 0 0 1 0 0 0 0 0 0 0 0 0 0 0 0 1 1 0
Pathogen_210 0 0 0 1 1 0 0 0 0 0 0 1 0 0 0 1 0 1 0 1
Pathogen_211 0 0 0 1 0 0 0 1 1 0 0 0 0 0 0 1 1 0 0 0
Pathogen_212 0 1 0 0 0 0 0 0 1 0 0 0 0 1 1 1 0 0 0 0
Pathogen_213 0 0 0 0 0 0 0 1 0 0 0 0 0 0 1 1 0 0 0 0
Pathogen_214 0 1 0 0 0 0 0 0 1 0 0 0 0 0 0 1 0 0 0 0
Pathogen_215 0 0 0 0 0 0 0 0 0 0 0 0 0 0 0 1 0 0 0 0
Pathogen_216 0 0 0 0 1 1 0 0 0 0 0 0 0 0 0 0 0 0 0 0
Pathogen_217 0 1 0 0 0 0 0 0 0 0 1 0 0 0 0 0 0 0 0 0
Pathogen_218 1 1 0 0 0 0 1 0 0 0 0 0 1 0 0 1 0 0 1 0
Pathogen_219 0 0 0 0 0 0 0 0 0 0 0 0 0 1 0 1 1 0 1 0
Pathogen_220 0 1 0 1 0 0 0 0 1 0 0 1 0 1 0 0 0 0 0 0
Pathogen_221 0 1 0 1 0 1 0 1 0 0 0 0 0 1 0 0 1 0 0 1
Pathogen_222 0 0 0 0 0 1 1 0 0 0 0 0 0 0 0 1 0 0 0 0
Pathogen_223 0 1 0 1 1 0 1 1 0 0 1 1 0 0 0 0 0 0 0 0
Pathogen_224 0 0 0 1 1 1 0 0 0 0 0 0 0 0 0 1 0 0 0 0
Pathogen_225 0 0 0 1 0 0 1 0 1 0 0 1 0 0 0 0 0 1 0 0
Pathogen_226 0 1 0 0 0 0 0 0 0 0 0 0 0 0 1 1 0 0 0 1
Pathogen_227 0 1 0 1 0 0 1 1 1 0 0 0 0 0 0 0 1 0 0 0
Pathogen_228 0 1 0 1 1 0 1 0 0 0 0 0 0 1 0 0 0 1 0 0
Pathogen_229 0 1 0 1 0 0 0 0 1 0 0 0 0 0 0 1 0 0 0 0
Pathogen_230 0 0 0 0 0 0 1 1 0 0 1 0 0 1 0 0 0 0 0 1
Pathogen_231 0 0 0 0 0 0 1 0 1 0 0 0 0 1 0 0 0 0 0 0
Pathogen_232 0 1 0 1 1 1 1 0 1 0 0 0 0 1 0 0 0 0 0 0
Pathogen_233 0 0 0 1 0 0 0 0 0 0 0 0 0 0 1 0 0 0 0 1
Pathogen_234 0 0 0 0 0 0 1 0 0 0 1 0 0 1 1 1 1 0 0 0
Pathogen_235 0 0 0 1 0 0 0 0 0 0 0 0 0 0 0 1 1 0 0 0
Pathogen_236 0 1 0 0 0 1 1 0 1 0 0 0 0 0 0 0 0 0 0 1
Pathogen_237 0 1 0 1 0 0 0 0 0 1 0 0 0 0 1 1 0 0 0 0
Pathogen_238 0 0 0 1 0 0 0 1 0 0 0 0 0 0 0 0 0 0 1 0
Pathogen_239 0 0 0 1 0 0 0 1 1 0 0 0 0 0 1 0 0 0 1 0
Pathogen_240 1 0 0 0 1 0 0 0 0 0 0 0 0 0 0 0 0 0 0 0
Pathogen_241 0 0 0 0 1 0 0 0 0 0 0 0 0 1 0 1 0 1 0 0
Pathogen_242 0 1 0 1 1 0 0 0 0 0 1 0 0 1 0 0 0 0 0 0
Pathogen_243 0 0 0 1 0 0 0 1 0 0 0 0 0 1 0 0 0 0 1 0
Pathogen_244 0 0 0 0 1 0 0 0 0 0 0 0 0 0 0 0 0 0 0 1
Pathogen_245 0 0 0 1 0 0 0 0 1 0 0 0 1 0 0 0 0 0 0 0
Pathogen_246 0 1 0 0 0 0 0 0 1 0 0 0 0 0 1 1 0 0 0 1
Pathogen_247 0 0 0 0 0 0 0 0 0 0 0 0 0 0 0 0 0 0 1 0
Pathogen_248 0 0 0 1 0 0 0 0 1 1 1 0 0 0 0 1 0 0 0 0
Pathogen_249 0 1 0 0 0 0 0 1 0 1 0 0 0 0 0 0 0 0 0 0
Pathogen_250 0 0 0 0 0 0 0 0 0 0 0 0 0 1 0 1 0 1 0 0
Pathogen_251 0 0 0 1 1 1 0 1 1 0 0 1 1 1 0 1 0 0 0 1
Pathogen_252 0 1 1 0 1 1 0 1 0 0 1 0 1 0 0 1 0 0 1 0
Pathogen_253 0 0 1 0 1 1 0 0 1 0 0 0 0 0 1 1 1 0 0 0
Pathogen_254 0 1 1 0 1 1 1 1 1 0 0 0 0 0 0 1 1 0 0 1
Pathogen_255 1 0 1 0 1 0 0 0 0 0 1 1 0 0 0 0 1 1 0 0
Pathogen_256 0 1 0 0 1 1 0 1 0 0 0 0 0 1 0 1 1 0 0 1
Pathogen_257 1 0 0 1 1 0 0 0 0 0 1 1 1 0 0 1 0 0 1 0
Pathogen_258 0 1 0 0 1 1 1 0 1 1 1 0 0 1 0 1 1 0 1 0
Pathogen_259 1 0 0 0 0 1 0 1 0 0 1 0 0 0 0 1 0 1 0 0
Pathogen_260 0 0 0 1 1 0 0 0 0 0 1 0 1 1 0 1 0 0 1 0
Pathogen_261 0 1 0 0 1 1 0 0 1 0 1 1 0 1 0 1 0 0 0 0
Pathogen_262 1 1 0 0 1 0 0 0 0 0 1 0 0 0 0 1 0 0 1 0
Pathogen_263 1 1 1 1 1 0 0 0 1 0 0 1 0 1 0 0 1 0 0 0
Pathogen_264 1 1 0 1 1 1 1 0 0 0 0 0 1 0 0 1 0 0 1 1
Pathogen_265 0 1 1 0 1 1 0 1 1 0 1 1 1 1 0 1 1 1 0 0
Pathogen_266 1 1 0 1 1 1 0 0 0 0 0 1 0 0 0 1 1 0 1 0
Pathogen_267 1 0 0 0 1 1 1 1 1 1 0 0 1 1 0 1 0 1 0 0
Pathogen_268 1 0 0 0 0 1 0 0 0 1 0 1 1 0 0 1 0 0 1 1
Pathogen_269 0 1 0 0 1 0 0 0 1 0 0 0 1 0 0 1 1 0 0 0
Pathogen_270 0 0 0 0 0 1 1 1 1 0 1 0 0 0 1 1 0 0 0 1
Pathogen_271 0 0 1 0 1 0 0 0 1 0 1 0 0 1 0 1 0 0 1 0
Pathogen_272 0 1 1 0 1 0 0 0 1 0 0 1 1 0 0 1 1 1 0 1
Pathogen_273 1 1 1 0 0 1 1 0 0 1 0 1 0 0 0 1 1 0 1 0
Pathogen_274 0 0 0 1 1 0 0 1 0 0 1 0 1 0 0 0 1 0 1 0
Pathogen_275 1 1 0 0 1 1 0 0 1 0 1 0 0 1 0 1 1 1 0 0
Pathogen_276 0 0 1 0 1 0 0 0 0 0 1 0 0 0 1 1 0 0 1 1
Pathogen_277 0 0 0 0 1 0 0 1 0 0 0 1 0 0 0 1 0 0 1 1
Pathogen_278 0 1 1 1 1 1 1 1 0 0 0 0 0 0 0 1 0 0 0 1
Pathogen_279 0 1 0 1 1 1 0 1 1 0 1 0 1 0 1 1 1 0 0 0
Pathogen_280 0 0 0 0 1 0 1 0 0 0 1 1 0 1 1 0 0 0 1 0
Pathogen_281 0 1 1 0 1 1 0 1 1 0 1 0 0 1 0 1 0 0 0 1
Pathogen_282 0 1 0 1 1 1 0 0 0 0 1 0 1 1 0 1 0 0 0 0
Pathogen_283 1 1 0 0 1 1 1 1 0 0 1 1 1 0 0 0 0 0 0 0
Pathogen_284 1 1 0 1 0 1 0 1 1 1 1 0 1 0 1 0 0 0 1 0
Pathogen_285 1 0 0 0 1 1 0 0 0 0 0 0 1 1 0 1 0 0 1 0
Pathogen_286 0 1 1 0 1 1 0 1 1 0 1 0 0 0 0 1 0 0 0 0
Pathogen_287 1 1 1 1 1 0 0 0 0 0 0 0 0 0 0 1 1 0 1 0
Pathogen_288 1 0 0 1 1 1 0 1 0 0 0 0 0 0 1 1 0 1 0 0
Pathogen_289 0 1 0 0 1 1 0 0 0 0 1 0 1 0 1 1 0 0 1 1
Pathogen_290 1 0 1 0 1 0 1 1 0 1 0 0 0 0 1 0 0 1 0 0
Pathogen_291 0 0 0 0 1 0 0 1 0 0 1 1 1 0 0 1 1 0 1 0
Pathogen_292 0 0 0 1 1 1 0 1 1 0 1 0 1 1 1 0 0 0 0 0
Pathogen_293 0 0 1 0 1 0 0 1 0 0 1 1 0 0 0 0 0 0 0 0
Pathogen_294 1 1 1 1 1 0 0 1 0 0 0 0 1 0 0 1 1 0 1 0
Pathogen_295 0 1 0 0 1 0 1 0 1 0 0 0 1 0 0 1 0 0 1 0
Pathogen_296 1 0 0 0 1 1 1 1 0 1 1 0 0 1 1 1 0 0 1 0
Pathogen_297 0 0 0 0 1 0 0 1 0 0 0 1 1 1 0 0 0 1 1 0
Pathogen_298 1 0 1 1 1 0 0 1 1 0 1 1 0 0 0 1 1 1 1 0
Pathogen_299 0 0 1 1 1 1 0 1 0 0 0 1 0 1 0 0 0 0 1 0
Pathogen_300 1 1 0 1 1 0 0 1 1 0 1 0 1 1 1 1 0 0 1 0
Pathogen_301 0 0 0 1 1 1 0 0 0 0 1 0 1 1 0 1 0 0 0 0
Pathogen_302 1 0 1 0 1 0 0 1 0 0 0 0 0 0 0 1 0 1 1 0
Pathogen_303 1 1 0 0 1 1 0 1 1 0 1 0 0 0 0 0 0 1 1 0
Pathogen_304 0 1 1 0 1 0 1 0 0 0 0 1 0 0 0 0 1 0 0 0
Pathogen_305 0 1 1 0 0 1 1 1 0 0 0 0 1 0 1 0 0 0 1 0
Pathogen_306 1 0 1 1 1 1 0 1 0 0 1 0 0 0 1 1 0 0 1 0
Pathogen_307 1 1 1 0 1 0 0 0 1 0 1 0 0 0 0 1 0 1 0 1
Pathogen_308 1 0 0 0 1 0 0 0 0 0 1 0 1 0 0 1 1 0 0 0
Pathogen_309 0 0 0 1 0 1 1 0 1 0 0 0 0 1 0 1 0 0 0 0
Pathogen_310 0 0 0 0 1 1 0 1 1 0 1 0 0 0 0 1 0 1 0 1
Pathogen_311 1 0 0 0 0 1 0 0 0 0 0 0 0 0 0 1 1 1 0 1
Pathogen_312 0 0 1 0 0 1 0 1 0 0 1 1 0 0 0 1 0 0 1 0
Pathogen_313 0 1 1 0 0 1 0 1 0 0 1 0 0 1 0 1 0 0 0 1
Pathogen_314 0 1 0 0 1 0 1 0 1 0 0 0 0 1 1 1 0 0 0 0
Pathogen_315 1 1 1 1 1 0 0 1 1 0 1 1 1 0 1 1 0 0 1 1
Pathogen_316 0 1 0 0 1 1 0 1 1 1 0 0 0 0 1 1 0 1 0 1
Pathogen_317 0 0 0 0 1 1 0 0 0 0 1 0 0 0 0 0 1 0 0 0
Pathogen_318 1 0 1 1 1 1 0 1 1 0 1 0 0 0 0 0 1 0 1 1
Pathogen_319 1 0 0 0 1 0 0 1 0 0 1 1 0 1 0 1 0 0 0 1
Pathogen_320 0 1 0 0 1 0 0 1 1 0 0 1 0 0 0 1 0 0 1 1
Pathogen_321 1 1 0 1 0 1 1 1 1 1 1 0 0 1 0 1 0 0 1 0
Pathogen_322 0 1 0 0 1 1 0 0 0 0 1 0 0 0 1 0 0 0 0 0
Pathogen_323 1 0 1 0 1 1 1 1 0 0 0 0 1 0 0 0 1 0 1 0
Pathogen_324 0 1 1 1 1 0 0 1 0 0 0 0 0 1 0 1 0 0 1 1
Pathogen_325 0 0 1 1 1 1 0 1 0 1 1 0 1 1 0 1 0 0 0 0
Pathogen_326 0 0 0 1 0 0 0 1 0 0 1 0 1 0 0 0 0 1 0 0
Pathogen_327 0 1 1 0 1 0 0 1 0 0 1 0 1 1 1 1 0 0 0 0
Pathogen_328 1 1 1 0 0 1 0 0 0 0 0 0 1 1 1 1 0 1 1 1
Pathogen_329 1 1 0 0 1 1 1 1 1 0 1 0 0 0 0 1 0 0 0 0
Pathogen_330 0 0 1 1 1 0 1 0 0 0 0 0 0 0 0 1 0 1 0 1
Pathogen_331 0 1 0 1 1 1 0 1 1 0 1 0 0 0 1 0 0 0 1 0
Pathogen_332 1 1 0 0 1 1 1 0 0 0 1 0 1 0 0 1 0 0 1 1
Pathogen_333 1 0 0 0 0 1 1 0 1 0 1 0 0 0 0 1 0 0 1 0
Pathogen_334 1 0 1 0 1 1 0 1 0 0 1 0 0 1 0 1 0 0 1 0
Pathogen_335 0 1 0 1 1 1 0 0 0 0 1 1 1 1 0 1 1 0 1 0
Pathogen_336 1 1 0 0 1 0 1 0 0 0 0 0 0 0 1 1 0 0 1 0
Pathogen_337 1 0 1 0 1 0 0 0 1 0 1 1 1 1 0 1 1 1 0 0
Pathogen_338 1 0 0 0 1 1 0 1 1 0 1 0 1 1 0 1 0 0 1 0
Pathogen_339 1 1 1 0 1 1 1 0 1 0 0 0 0 0 0 1 1 0 1 0
Pathogen_340 0 1 1 0 1 1 0 0 0 0 1 1 0 0 0 1 0 0 0 0
Pathogen_341 0 0 0 0 0 1 0 0 1 0 0 0 0 0 0 1 0 0 0 1
Pathogen_342 0 1 0 0 0 0 0 1 0 1 1 0 0 1 0 1 0 0 1 0
Pathogen_343 0 1 1 0 1 1 1 1 0 0 1 0 0 0 0 0 0 0 1 0
Pathogen_344 0 0 1 1 1 1 0 1 1 1 0 0 0 1 0 1 0 0 0 0
Pathogen_345 0 0 1 0 1 1 0 1 1 0 1 0 0 0 0 1 0 0 1 0
Pathogen_346 0 1 0 0 1 0 0 0 1 0 1 0 0 1 0 1 0 1 1 0
Pathogen_347 0 1 0 0 1 1 0 0 0 0 0 1 0 0 0 0 0 1 0 0
Pathogen_348 1 1 0 0 1 1 0 0 0 0 0 0 1 1 1 0 0 0 0 0
Pathogen_349 1 0 0 0 1 0 1 0 0 0 1 0 0 1 0 1 0 0 0 0
Pathogen_350 1 1 1 0 1 1 0 0 0 0 1 1 1 1 0 1 0 0 1 0
Pathogen_351 0 1 0 0 0 0 1 0 0 0 0 0 0 0 0 0 1 0 0 1
Pathogen_352 0 1 0 1 1 0 0 1 0 0 0 0 0 1 0 0 0 0 0 0
Pathogen_353 0 0 0 1 0 0 0 1 1 0 0 0 0 0 1 0 0 0 0 0
Pathogen_354 0 0 0 0 1 0 1 0 0 1 1 0 0 1 0 0 0 0 0 0
Pathogen_355 0 1 0 0 1 0 1 1 1 0 1 0 0 1 1 0 0 0 0 0
Pathogen_356 0 1 0 0 0 0 0 0 0 0 0 0 0 1 0 0 0 0 0 0
Pathogen_357 0 0 0 0 0 0 0 1 1 0 0 0 0 0 0 0 0 0 0 1
Pathogen_358 0 1 0 0 0 0 1 1 0 0 0 1 0 0 0 1 0 0 0 0
Pathogen_359 0 0 0 0 0 1 0 0 0 0 0 1 0 0 0 0 0 0 0 0
Pathogen_360 0 0 0 1 0 0 0 0 0 0 0 0 0 0 1 1 1 0 0 1
Pathogen_361 0 0 0 0 0 0 0 1 1 0 0 0 0 0 1 1 0 1 0 1
Pathogen_362 0 0 0 0 0 0 1 0 0 0 1 0 0 1 1 1 1 0 0 1
Pathogen_363 0 0 0 1 0 0 0 1 0 0 1 0 0 0 0 0 0 0 0 0
Pathogen_364 1 0 0 0 0 0 0 0 0 0 1 0 0 1 0 1 1 0 0 0
Pathogen_365 0 0 1 0 0 0 1 0 0 0 0 0 0 0 1 1 0 0 1 0
Pathogen_366 0 1 0 0 0 0 0 0 0 0 0 0 0 0 0 0 0 0 0 1
Pathogen_367 0 0 0 0 0 0 0 0 0 0 1 0 0 1 0 0 0 0 0 1
Pathogen_368 0 0 0 0 0 0 0 0 1 0 0 0 0 1 0 1 1 0 0 0
Pathogen_369 0 1 0 1 0 0 0 0 1 0 0 0 0 0 0 0 0 0 1 0
Pathogen_370 0 0 0 0 1 0 0 0 1 0 1 0 0 0 0 0 1 0 0 0
Pathogen_371 1 0 0 0 1 0 0 0 0 1 1 0 0 0 1 1 1 0 0 0
Pathogen_372 0 0 0 0 1 0 0 0 1 0 1 0 1 1 1 0 0 0 0 1
Pathogen_373 0 0 0 0 0 0 0 1 0 0 1 0 0 0 0 0 0 0 0 0
Pathogen_374 0 1 0 1 1 0 1 0 0 0 0 0 0 0 0 1 0 0 0 0
Pathogen_375 0 0 0 1 0 0 0 1 0 0 0 0 0 1 0 1 0 0 0 0
Pathogen_376 0 1 0 0 0 1 0 0 1 0 0 0 0 0 0 0 0 0 0 0
Pathogen_377 0 1 0 0 0 0 0 0 0 0 0 0 0 1 0 1 0 0 0 0
Pathogen_378 0 0 0 0 0 0 1 0 1 0 0 0 1 1 0 1 0 0 0 1
Pathogen_379 0 0 0 1 0 0 1 0 0 0 0 0 0 0 0 0 0 0 0 0
Pathogen_380 0 0 0 1 0 1 1 0 0 0 0 0 0 0 0 1 0 0 0 0
Pathogen_381 0 1 0 0 0 0 0 1 1 0 1 0 0 1 1 1 0 0 0 0
Pathogen_382 0 0 0 0 0 0 0 0 1 0 1 0 1 1 1 1 0 0 0 1
Pathogen_383 0 0 0 1 0 0 1 1 0 1 0 0 0 0 0 0 0 0 0 0
Pathogen_384 0 0 1 0 1 0 0 0 0 1 0 0 0 0 0 0 0 0 0 0
Pathogen_385 0 1 0 0 0 0 0 0 0 0 0 0 0 0 0 1 0 1 0 0
Pathogen_386 0 0 0 0 1 0 1 0 0 0 0 0 0 1 1 1 0 1 0 0
Pathogen_387 0 0 0 1 0 0 1 0 1 0 1 1 0 0 0 0 0 0 0 0
Pathogen_388 0 0 0 1 0 0 0 0 0 0 0 0 0 1 0 0 1 0 0 0
Pathogen_389 0 0 0 1 0 1 0 1 0 0 0 0 0 0 1 0 0 0 0 0
Pathogen_390 0 0 0 0 0 0 0 0 0 0 0 0 0 1 0 0 0 0 1 0
Pathogen_391 0 0 0 0 1 0 0 0 0 0 0 0 0 0 0 0 0 0 0 1
Pathogen_392 1 0 0 0 0 0 0 0 0 0 0 0 0 1 0 0 0 0 0 0
Pathogen_393 0 1 0 0 0 0 0 0 1 0 0 0 0 0 1 1 0 1 0 0
Pathogen_394 0 1 0 0 1 0 0 0 1 0 0 1 0 1 0 0 0 0 0 0
Pathogen_395 0 1 0 1 0 1 0 0 0 0 0 0 0 1 0 0 0 1 0 1
Pathogen_396 0 0 0 1 0 0 0 0 1 0 1 0 0 0 0 1 1 0 0 0
Pathogen_397 0 0 0 0 1 0 0 0 0 0 0 0 0 0 0 1 0 0 1 0
Pathogen_398 0 1 0 0 0 0 0 1 1 0 0 0 0 0 1 0 1 0 0 0
Pathogen_399 0 0 0 0 0 0 1 0 0 0 0 0 0 0 0 1 0 0 0 1
Pathogen_400 0 0 0 0 0 0 0 1 1 0 1 1 0 1 0 0 1 1 0 0
Pathogen_401 0 0 0 0 1 0 0 0 0 0 1 0 0 0 0 1 0 0 0 0
Pathogen_402 0 0 0 0 0 0 0 0 0 0 1 0 0 0 0 0 1 0 0 0
Pathogen_403 0 0 0 1 0 0 0 0 0 0 0 0 0 0 0 0 0 1 0 0
Pathogen_404 0 1 0 0 1 1 0 0 0 0 0 0 0 1 0 0 1 0 0 0
Pathogen_405 0 0 0 1 0 0 0 0 0 0 0 0 0 0 0 0 0 0 0 0
Pathogen_406 0 0 0 0 0 0 0 0 1 0 0 0 0 0 0 1 0 0 0 0
Pathogen_407 1 0 0 1 1 0 0 1 0 0 0 0 0 0 0 0 0 0 1 1
Pathogen_408 0 1 0 0 0 0 0 0 1 0 0 0 0 0 1 0 0 0 0 0
Pathogen_409 0 0 0 0 1 0 1 0 1 0 0 0 0 0 1 1 0 0 1 0
Pathogen_410 0 0 0 0 1 0 0 1 0 0 0 0 0 0 0 0 0 0 1 0
Pathogen_411 0 1 0 0 0 0 0 1 0 0 1 0 1 0 0 1 0 0 0 0
Pathogen_412 0 0 0 0 0 0 0 0 1 0 1 0 1 0 0 0 0 0 0 0
Pathogen_413 0 0 0 0 0 0 0 0 0 0 0 0 0 0 1 0 1 0 0 0
Pathogen_414 0 0 0 0 0 0 0 0 0 0 0 0 1 0 0 0 0 0 1 0
Pathogen_415 0 0 0 0 0 0 0 0 0 0 0 0 0 0 0 0 0 0 1 0
Pathogen_416 0 0 0 0 0 0 0 0 0 0 0 0 0 1 0 0 0 0 0 0
Pathogen_417 0 0 0 0 0 0 0 0 0 0 0 0 1 0 1 1 1 0 0 0
Pathogen_418 0 0 0 0 0 0 1 0 1 0 1 0 0 0 1 0 0 0 0 0
Pathogen_419 0 0 0 0 1 0 0 0 0 0 1 1 0 0 0 0 0 0 0 0
Pathogen_420 0 0 0 0 1 0 1 0 1 0 0 0 0 1 1 1 0 0 0 0
Pathogen_421 0 0 0 0 0 0 1 0 0 0 1 0 1 0 0 0 0 0 0 1
Pathogen_422 0 1 0 1 0 0 0 0 0 0 0 0 0 0 0 0 0 1 0 0
Pathogen_423 0 0 0 0 0 0 0 0 0 1 0 0 0 0 1 0 0 0 0 0
Pathogen_424 1 0 0 1 1 0 0 0 1 0 1 0 0 1 1 0 0 0 0 0
Pathogen_425 0 1 1 0 0 0 0 1 0 0 0 0 0 0 0 0 0 0 0 0
Pathogen_426 0 0 0 0 0 0 0 1 0 0 0 0 0 0 0 1 0 0 0 0
Pathogen_427 0 0 0 0 0 0 0 0 1 0 0 1 0 0 0 0 0 1 1 0
Pathogen_428 0 1 0 0 0 0 0 0 0 0 0 0 0 0 0 0 0 0 0 0
Pathogen_429 0 1 0 0 0 0 0 1 0 0 0 0 1 0 0 0 0 0 0 0
Pathogen_430 0 0 1 0 0 0 0 1 1 0 0 0 0 0 0 1 0 0 1 0
Pathogen_431 0 0 0 0 0 1 0 1 0 0 0 0 0 0 0 0 0 0 0 0
Pathogen_432 0 1 0 0 0 0 0 0 0 0 1 1 0 0 0 0 1 0 0 0
Pathogen_433 0 0 0 0 1 0 0 0 0 0 0 0 0 0 0 1 0 0 1 0
Pathogen_434 0 0 0 0 1 1 0 0 1 1 0 0 0 1 1 0 0 0 0 0
Pathogen_435 0 0 0 1 1 0 0 0 1 0 0 0 0 1 0 1 1 1 0 0
Pathogen_436 0 0 1 0 0 0 0 1 1 0 0 0 0 0 0 1 0 1 0 0
Pathogen_437 1 0 0 0 0 0 1 1 0 0 0 0 0 1 1 1 0 0 0 0
Pathogen_438 1 0 0 0 1 0 0 0 1 0 0 0 0 0 0 0 0 0 1 0
Pathogen_439 0 0 0 1 0 0 0 0 0 0 1 0 0 0 0 1 0 0 0 0
Pathogen_440 0 0 0 0 1 0 0 0 0 0 0 1 0 0 0 1 0 0 0 0
Pathogen_441 0 0 0 0 0 0 1 0 1 0 0 0 1 0 1 1 0 0 1 1
Pathogen_442 0 0 0 0 0 0 0 1 0 0 1 0 0 1 0 1 1 0 0 1
Pathogen_443 0 0 0 0 0 0 1 0 0 0 1 0 0 0 0 1 0 0 0 0
Pathogen_444 0 0 0 0 0 0 0 0 0 0 0 0 0 0 1 0 0 0 0 1
Pathogen_445 0 1 0 1 0 0 0 0 1 0 1 0 0 0 0 0 0 1 0 1
Pathogen_446 0 0 0 0 0 0 0 0 0 0 0 0 0 1 0 0 1 0 0 0
Pathogen_447 0 1 0 0 0 0 0 0 0 0 0 0 0 1 1 1 1 0 0 0
Pathogen_448 0 0 0 0 0 0 0 0 0 0 0 0 0 0 0 0 0 0 0 0
Pathogen_449 0 1 0 0 0 0 0 0 0 0 0 0 0 0 1 0 1 0 0 0
Pathogen_450 0 0 0 1 0 1 0 0 0 0 0 0 0 0 1 0 0 0 0 1
Pathogen_451 0 0 0 0 0 0 0 0 0 0 0 1 0 0 0 0 0 0 1 0
Pathogen_452 0 0 0 0 0 0 0 0 1 0 0 0 0 1 1 1 0 0 0 0
Pathogen_453 0 0 0 0 0 0 0 0 0 0 1 0 0 0 0 0 0 0 0 1
Pathogen_454 0 1 0 0 0 0 0 0 1 0 0 0 0 1 0 0 0 0 0 0
Pathogen_455 0 1 0 0 1 0 0 0 1 0 0 0 0 0 0 1 0 0 0 0
Pathogen_456 0 0 0 0 0 0 1 0 1 0 0 1 0 0 0 0 0 0 0 0
Pathogen_457 0 0 0 1 1 0 0 0 0 0 0 0 1 0 1 0 0 0 1 0
Pathogen_458 0 0 1 0 0 0 0 0 1 0 0 1 0 1 0 1 0 1 0 0
Pathogen_459 0 0 0 0 1 0 0 0 1 0 0 0 1 0 0 0 1 1 0 0
Pathogen_460 0 1 0 0 1 0 0 1 0 0 0 0 0 1 0 0 0 0 0 0
Pathogen_461 0 0 0 0 0 0 0 0 0 0 0 0 0 1 0 0 0 0 0 1
Pathogen_462 0 0 0 0 0 0 0 0 1 0 0 0 0 1 0 1 0 0 0 0
Pathogen_463 0 0 0 0 0 0 0 0 0 0 0 0 0 1 0 0 0 0 1 0
Pathogen_464 0 0 0 0 0 0 0 1 0 0 0 0 0 1 0 0 0 0 1 0
Pathogen_465 0 1 0 1 0 0 0 0 0 0 0 0 0 1 0 0 0 0 0 0
Pathogen_466 0 0 0 0 1 1 0 0 0 0 0 0 0 0 0 0 0 0 1 1
Pathogen_467 0 0 0 0 0 0 0 0 0 0 0 0 0 0 1 0 0 1 0 0
Pathogen_468 0 1 0 1 0 0 0 1 1 0 0 0 0 0 0 1 0 0 0 0
Pathogen_469 0 0 1 0 0 0 0 1 1 0 0 0 0 0 1 1 0 0 1 0
Pathogen_470 0 0 0 1 0 0 1 0 0 0 0 0 0 0 0 1 0 0 0 0
Pathogen_471 0 1 0 0 1 0 1 1 0 1 0 0 0 0 0 0 0 0 0 0
Pathogen_472 0 1 0 0 0 0 0 0 0 0 0 1 0 0 1 0 0 0 0 0
Pathogen_473 0 0 0 0 0 0 1 0 0 0 0 0 0 0 1 0 0 0 0 1
Pathogen_474 0 0 0 0 0 0 1 0 0 1 0 1 1 0 1 1 0 0 0 1
Pathogen_475 0 1 0 0 0 0 0 0 1 0 0 1 0 1 0 1 0 0 0 1
Pathogen_476 0 0 0 0 1 0 0 0 0 0 0 1 0 1 0 0 0 0 0 0
Pathogen_477 0 1 0 0 0 0 0 0 1 0 1 0 0 0 1 1 0 0 1 1
Pathogen_478 0 1 0 0 1 0 0 0 1 0 0 0 0 1 0 0 0 0 0 0
Pathogen_479 0 1 0 0 0 0 0 1 0 0 0 0 0 1 0 1 1 0 1 0
Pathogen_480 0 0 0 0 0 0 0 1 0 0 1 1 0 0 0 1 0 0 0 0
Pathogen_481 0 0 0 0 0 0 0 0 1 0 0 0 0 0 0 1 0 0 0 0
Pathogen_482 0 1 1 0 0 1 1 1 0 0 0 0 0 0 0 0 0 0 1 0
Pathogen_483 0 0 0 0 0 0 0 0 0 0 0 0 0 1 0 0 0 0 1 0
Pathogen_484 0 1 0 0 0 0 0 0 0 0 0 0 0 0 0 1 0 1 0 1
Pathogen_485 0 1 0 0 0 0 1 0 0 0 0 0 0 1 0 0 0 1 0 1
Pathogen_486 0 1 0 1 0 1 0 0 1 0 0 0 0 0 0 1 1 0 0 0
Pathogen_487 0 1 0 0 0 0 0 0 0 0 1 0 0 0 1 0 0 0 0 0
Pathogen_488 1 0 0 0 0 1 1 0 1 0 0 0 0 0 0 1 0 0 0 0
Pathogen_489 0 1 0 0 0 0 0 0 0 0 0 0 0 0 0 0 0 1 0 0
Pathogen_490 0 1 0 1 1 0 0 0 1 0 0 0 0 1 0 0 0 0 0 0
Pathogen_491 0 1 0 0 1 0 0 0 0 0 0 0 0 0 0 0 1 0 0 1
Pathogen_492 0 1 0 1 1 0 0 1 0 0 1 0 0 1 0 0 0 0 0 0
Pathogen_493 0 0 0 0 1 0 1 0 0 0 1 0 0 0 0 0 0 0 0 0
Pathogen_494 0 0 0 0 0 1 0 0 0 0 0 1 0 0 0 1 0 1 0 0
Pathogen_495 0 0 0 1 1 0 0 0 1 0 0 0 0 1 1 0 0 0 0 1
Pathogen_496 0 0 0 1 0 0 0 1 0 0 0 0 0 1 0 0 0 0 1 0
Pathogen_497 1 1 0 0 0 0 0 1 1 0 0 1 0 1 1 0 0 1 0 0
Pathogen_498 1 0 0 0 0 0 0 1 1 0 0 1 1 0 0 0 1 0 0 1
Pathogen_499 0 0 0 0 0 0 1 1 0 0 0 0 0 1 0 1 0 0 1 1
Pathogen_500 0 1 0 0 1 0 0 0 0 0 1 0 0 0 0 0 0 0 0 0
