PID AA_1 AA_2 AA_3 AA_4 AA_5 AA_6 AA_7 AA_8 AA_9 AA_10 AA_11 AA_12 AA_13 AA_14 AA_15 AA_16 AA_17 AA_18 AA_19 AA_20
Pathogen_1 0 0 1 0 1 0 0 1 1 1 0 0 0 0 0 0 1 0 0 0
Pathogen_2 0 0 0 0 1 1 0 0 1 1 0 0 0 0 0 0 1 1 0 0
Pathogen_3 0 1 0 0 1 1 0 1 1 0 1 0 0 0 0 0 0 0 0 1
Pathogen_4 0 1 0 0 1 1 0 1 0 0 1 0 1 0 0 0 1 0 0 1
Pathogen_5 1 1 1 0 1 0 0 1 0 1 0 0 1 0 0 0 0 1 0 1
Pathogen_6 0 0 1 1 1 0 1 1 0 1 0 1 0 0 0 0 0 0 1 1
Pathogen_7 1 0 1 0 1 1 1 1 0 1 1 0 0 0 0 0 0 1 1 0
Pathogen_8 0 0 1 0 1 1 1 1 0 1 0 0 1 0 1 0 0 0 1 1
Pathogen_9 1 1 1 1 1 1 0 1 1 1 0 0 0 0 0 0 0 0 1 0
Pathogen_10 0 0 0 0 1 1 0 0 0 1 0 1 0 0 0 0 1 0 0 0
Pathogen_11 0 0 1 0 1 0 0 1 0 0 0 0 0 0 1 0 1 1 1 1
Pathogen_12 0 1 1 1 1 1 0 0 1 1 0 0 0 0 0 1 1 0 1 0
Pathogen_13 0 0 1 0 1 1 0 1 0 1 0 0 0 0 0 0 0 0 0 1
Pathogen_14 0 0 1 0 1 1 0 0 1 0 0 0 0 0 0 0 0 1 0 1
Pathogen_15 0 1 1 0 1 1 0 0 1 1 0 0 1 0 0 0 0 1 1 0
Pathogen_16 0 0 1 1 1 1 0 0 1 0 0 0 0 0 0 0 1 1 1 0
Pathogen_17 0 1 0 0 1 1 1 0 0 0 1 0 0 0 0 1 1 0 1 0
Pathogen_18 1 0 1 0 1 1 0 1 1 0 0 0 0 0 0 0 0 0 0 0
Pathogen_19 0 0 0 1 1 1 1 1 1 1 0 0 0 1 0 1 0 0 0 1
Pathogen_20 1 1 1 1 1 1 0 0 0 1 0 0 1 0 0 0 1 0 1 0
Pathogen_21 0 1 0 0 1 1 1 0 0 1 0 0 1 0 0 0 1 0 1 1
Pathogen_22 0 1 0 0 0 1 1 0 0 1 0 0 0 0 1 0 0 0 1 0
Pathogen_23 0 1 1 0 1 1 1 1 0 1 0 0 1 0 1 0 0 1 1 1
Pathogen_24 1 1 1 1 1 1 0 1 0 1 0 1 1 0 0 0 0 0 0 1
Pathogen_25 0 1 1 0 1 1 0 1 1 1 0 0 1 0 1 0 0 1 0 0
Pathogen_26 0 1 1 1 1 1 0 0 1 1 0 1 1 0 0 0 0 1 1 1
Pathogen_27 1 1 0 0 1 1 0 0 1 1 0 0 0 0 1 0 0 0 0 1
Pathogen_28 1 0 0 0 1 1 0 1 0 1 0 0 0 0 0 0 0 0 0 0
Pathogen_29 0 1 1 0 1 1 0 1 0 0 1 0 0 0 0 1 1 0 0 0
Pathogen_30 0 0 1 0 1 0 0 0 0 1 0 0 0 0 1 1 0 0 0 0
Pathogen_31 0 0 0 0 1 1 1 1 0 1 1 0 1 0 0 1 1 0 0 0
Pathogen_32 0 0 1 0 1 1 0 1 0 1 0 0 1 0 1 0 0 0 0 0
Pathogen_33 0 0 0 0 0 0 1 1 0 0 0 0 1 0 0 1 1 1 1 1
Pathogen_34 0 0 1 0 0 1 0 1 0 0 0 0 1 0 0 1 0 1 0 0
Pathogen_35 0 0 0 0 0 1 0 1 0 1 0 0 0 0 0 0 0 0 0 0
Pathogen_36 0 0 0 0 1 1 0 1 1 1 0 0 0 0 0 0 0 1 0 0
Pathogen_37 1 1 1 1 1 1 0 1 1 1 0 0 1 0 1 0 0 0 1 0
Pathogen_38 1 1 0 0 1 1 1 1 0 1 0 0 0 1 1 0 1 0 0 1
Pathogen_39 1 0 1 1 1 1 1 1 1 0 0 0 1 0 0 0 1 0 0 1
Pathogen_40 0 1 1 1 1 1 0 1 0 1 1 1 1 0 1 0 0 1 1 0
Pathogen_41 1 0 1 0 1 1 0 0 1 1 0 0 0 0 0 1 0 1 0 0
Pathogen_42 0 0 1 1 1 1 0 1 0 1 1 0 0 0 1 0 1 1 1 1
Pathogen_43 0 1 1 1 1 1 0 0 1 1 1 0 0 0 0 0 0 0 0 1
Pathogen_44 1 0 0 1 0 0 1 1 0 1 0 0 0 0 0 0 0 0 1 0
Pathogen_45 0 0 1 0 0 0 0 1 0 1 0 0 1 0 0 0 0 0 1 1
Pathogen_46 0 1 1 0 1 1 1 1 0 1 0 0 1 0 1 0 1 0 0 0
Pathogen_47 1 1 1 0 1 1 0 1 1 0 0 0 0 0 0 0 0 0 0 1
Pathogen_48 1 1 0 0 1 1 0 0 0 0 0 0 1 0 0 0 1 1 1 0
Pathogen_49 0 0 1 0 1 1 1 1 0 0 0 0 1 0 0 0 1 0 1 1
Pathogen_50 0 0 1 0 1 1 1 1 0 1 0 0 1 0 0 0 1 0 0 0
Pathogen_51 1 0 0 0 1 0 0 1 0 1 0 0 0 0 0 0 0 0 1 0
Pathogen_52 1 1 1 0 1 1 0 0 0 0 0 0 0 1 1 0 0 0 0 0
Pathogen_53 1 0 1 1 0 1 0 1 1 1 0 1 0 0 0 1 0 1 0 1
Pathogen_54 1 0 1 0 1 1 0 1 0 1 1 0 1 0 0 0 0 0 0 1
Pathogen_55 0 1 0 0 1 1 0 1 1 1 1 0 0 0 1 0 1 0 1 0
Pathogen_56 0 0 0 0 1 1 0 0 1 1 0 0 0 0 1 0 0 0 0 0
Pathogen_57 0 0 1 0 1 1 1 1 0 1 0 0 0 1 1 0 1 0 0 1
Pathogen_58 0 0 1 1 1 1 1 1 1 1 1 0 0 0 1 0 0 1 0 1
Pathogen_59 0 0 0 1 0 1 0 1 1 1 0 0 0 0 0 0 1 0 1 1
Pathogen_60 1 1 1 0 1 1 0 0 0 1 1 0 0 0 0 0 0 0 0 0
Pathogen_61 0 0 1 0 1 1 0 0 1 1 0 1 0 0 1 1 1 0 0 0
Pathogen_62 0 0 0 0 1 1 0 1 0 1 0 0 1 0 0 0 1 0 0 1
Pathogen_63 1 0 1 0 1 1 0 1 0 1 0 0 1 0 0 1 1 1 0 0
Pathogen_64 1 0 1 0 1 1 0 1 1 1 0 0 1 0 0 0 0 0 0 0
Pathogen_65 1 0 0 0 1 1 1 1 1 1 0 0 1 0 0 0 0 0 0 0
Pathogen_66 1 1 1 1 1 1 1 0 1 1 0 0 0 0 1 0 0 1 1 1
Pathogen_67 0 1 0 0 1 1 1 1 1 1 0 1 0 0 0 0 1 0 0 0
Pathogen_68 0 0 1 0 1 1 0 0 1 1 0 0 0 0 1 0 0 0 0 1
Pathogen_69 0 0 1 0 1 1 1 1 1 1 0 0 1 0 0 0 0 0 0 0
Pathogen_70 0 1 0 0 1 1 0 0 0 1 1 0 0 0 0 1 1 1 0 1
Pathogen_71 0 0 1 0 0 0 0 1 1 1 0 0 1 0 0 0 0 0 0 1
Pathogen_72 1 0 1 0 1 1 0 1 1 0 0 0 1 0 0 0 1 1 0 0
Pathogen_73 1 1 1 0 1 1 0 0 1 0 0 0 0 0 0 0 1 0 0 0
Pathogen_74 1 0 1 0 1 1 0 1 0 1 0 0 0 0 0 0 1 1 0 0
Pathogen_75 0 0 1 0 1 1 0 0 0 1 1 0 0 0 0 0 0 0 0 1
Pathogen_76 0 1 1 0 1 1 1 1 0 1 0 0 0 0 0 0 0 0 0 0
Pathogen_77 0 0 0 1 1 1 0 0 1 1 0 0 0 0 1 0 0 0 1 0
Pathogen_78 1 1 1 1 1 1 0 0 0 1 0 0 0 0 0 0 0 0 0 0
Pathogen_79 1 0 1 1 1 1 0 0 1 1 0 0 0 0 1 0 0 1 0 0
Pathogen_80 1 0 0 0 1 0 1 1 0 1 0 1 0 0 0 0 0 0 0 1
Pathogen_81 1 0 1 0 1 0 0 1 0 1 1 0 0 0 0 0 0 0 1 0
Pathogen_82 0 1 0 0 1 1 0 1 1 1 0 0 0 0 0 0 1 0 0 0
Pathogen_83 0 1 1 1 1 1 0 1 0 1 0 1 1 0 1 0 0 0 1 1
Pathogen_84 0 0 0 1 1 1 1 1 1 1 0 1 1 0 0 0 0 1 1 0
Pathogen_85 0 0 1 0 1 1 1 0 1 1 0 0 0 1 0 1 0 0 1 1
Pathogen_86 1 1 1 0 0 0 1 1 1 1 0 0 0 0 0 1 1 0 0 0
Pathogen_87 1 0 0 0 1 1 0 1 1 1 0 0 1 0 0 1 0 0 0 0
Pathogen_88 0 1 1 1 1 1 1 0 0 1 1 1 0 0 1 0 0 0 0 1
Pathogen_89 0 0 0 1 1 1 0 1 0 1 0 0 1 0 1 0 0 0 1 0
Pathogen_90 0 0 1 1 0 1 0 0 0 0 0 0 1 0 0 0 1 0 1 0
Pathogen_91 1 0 1 0 1 1 1 1 0 1 0 0 0 0 0 0 0 1 1 1
Pathogen_92 0 0 1 1 0 1 0 1 1 1 0 0 0 0 0 0 0 1 0 0
Pathogen_93 0 1 1 0 1 1 0 0 0 0 0 0 1 0 0 0 0 1 1 1
Pathogen_94 0 0 1 0 1 1 0 1 0 1 0 0 0 0 0 0 0 1 0 0
Pathogen_95 0 1 1 1 1 1 0 1 0 1 1 0 0 0 0 0 0 0 0 1
Pathogen_96 0 0 0 1 1 1 0 1 1 1 1 0 1 0 0 0 0 0 0 1
Pathogen_97 1 1 0 0 0 0 0 0 1 1 0 0 0 0 0 0 1 0 0 0
Pathogen_98 0 0 0 1 0 1 0 1 0 1 0 0 1 0 0 1 1 0 0 0
Pathogen_99 1 0 0 1 1 1 1 0 1 1 0 0 0 0 0 0 0 1 0 0
Pathogen_100 0 0 1 1 1 1 0 0 0 1 0 0 0 0 0 0 1 0 0 0
Pathogen_101 1 0 1 1 1 1 0 1 1 1 0 0 1 0 0 0 0 0 0 0
Pathogen_102 1 1 1 0 1 1 0 1 1 1 0 0 0 0 1 0 1 0 0 1
Pathogen_103 0 0 1 0 0 1 0 0 1 1 0 0 0 0 0 0 1 0 0 0
Pathogen_104 0 0 0 0 1 1 0 1 0 1 0 1 0 0 1 1 1 1 0 0
Pathogen_105 0 1 1 0 1 0 1 1 1 0 0 0 0 0 0 0 0 1 0 0
Pathogen_106 1 0 0 0 1 1 0 0 1 1 0 1 1 0 1 0 0 1 0 0
Pathogen_107 1 0 1 1 1 1 0 1 1 1 0 0 1 0 1 0 0 1 0 1
Pathogen_108 1 0 0 0 1 1 0 1 1 1 0 0 1 0 0 0 1 0 0 0
Pathogen_109 0 0 1 0 1 1 0 1 1 1 0 0 0 1 0 0 0 1 0 0
Pathogen_110 1 0 1 0 1 1 0 0 1 0 0 0 0 0 1 0 0 0 1 1
Pathogen_111 0 0 1 1 0 1 0 1 1 1 0 0 1 0 1 0 1 0 1 0
Pathogen_112 0 0 1 0 1 1 0 0 0 1 0 0 1 0 0 0 1 0 0 1
Pathogen_113 1 0 0 1 1 1 0 0 1 1 0 0 0 0 0 0 0 0 1 0
Pathogen_114 0 0 1 1 1 0 0 1 0 1 0 0 0 1 0 0 1 0 0 0
Pathogen_115 1 0 0 1 1 1 0 1 0 1 1 0 1 0 0 0 0 0 0 0
Pathogen_116 0 1 0 1 1 1 0 1 1 1 1 0 0 0 0 0 0 0 0 0
Pathogen_117 0 0 1 0 1 1 1 0 1 1 0 0 0 0 0 0 1 0 0 0
Pathogen_118 1 0 1 0 1 1 1 1 1 1 1 0 0 0 0 0 0 0 1 1
Pathogen_119 0 0 1 0 0 1 0 0 1 1 0 0 0 0 0 0 1 0 0 0
Pathogen_120 0 0 0 0 1 0 0 0 0 0 1 0 0 0 1 0 0 1 0 1
Pathogen_121 0 0 1 1 1 1 0 0 0 1 0 0 1 0 0 0 1 0 1 1
Pathogen_122 0 0 0 0 1 1 0 1 1 1 0 0 1 0 0 0 0 1 0 0
Pathogen_123 0 0 1 1 1 1 0 1 0 1 0 0 1 0 0 0 0 0 0 0
Pathogen_124 1 0 0 0 1 1 1 1 0 1 0 1 0 0 1 0 0 0 0 1
Pathogen_125 1 0 1 0 1 1 0 1 0 1 0 1 0 0 0 0 1 0 1 0
Pathogen_126 0 0 1 0 1 0 0 0 0 1 0 0 0 0 1 0 0 0 0 0
Pathogen_127 0 0 1 0 1 1 0 1 1 1 0 0 0 0 0 1 0 0 0 0
Pathogen_128 0 1 1 0 0 1 0 0 0 1 0 0 0 0 0 0 0 0 0 0
Pathogen_129 1 0 1 0 1 1 0 0 0 1 0 0 0 1 1 0 1 0 0 1
Pathogen_130 0 1 1 0 1 1 1 1 1 0 0 0 1 0 1 0 0 0 0 0
Pathogen_131 0 1 0 1 1 1 0 1 1 0 1 0 0 0 0 0 0 0 1 1
Pathogen_132 0 0 1 1 1 1 0 0 0 1 0 1 1 0 0 1 0 0 1 1
Pathogen_133 0 1 1 0 0 1 0 1 1 0 0 0 1 0 0 0 0 0 0 0
Pathogen_134 0 0 1 0 1 0 0 1 0 0 0 1 1 0 0 0 1 0 0 0
Pathogen_135 1 1 1 0 1 1 0 1 1 1 0 0 0 0 1 0 0 0 1 1
Pathogen_136 0 1 0 0 0 1 1 1 0 1 0 0 1 0 0 1 1 0 0 0
Pathogen_137 0 0 0 1 1 1 1 0 1 1 0 0 1 0 0 1 0 0 1 0
Pathogen_138 0 1 1 0 1 1 0 0 0 1 0 0 1 0 0 0 0 0 1 1
Pathogen_139 0 1 1 0 1 1 1 1 0 1 0 0 0 0 0 1 0 0 0 0
Pathogen_140 1 0 0 1 0 1 0 1 0 0 1 0 0 0 0 0 0 0 0 1
Pathogen_141 1 1 1 1 1 1 0 1 1 1 0 0 0 0 0 0 0 0 0 0
Pathogen_142 1 0 1 0 1 1 0 1 0 1 1 0 0 0 1 0 0 0 0 1
Pathogen_143 0 0 1 0 1 0 0 1 1 1 0 0 0 0 0 0 0 0 0 0
Pathogen_144 0 1 1 1 0 1 0 1 1 1 0 0 1 0 0 1 0 0 0 0
Pathogen_145 0 0 0 1 1 1 1 1 1 0 0 0 0 0 0 0 0 0 0 1
Pathogen_146 1 0 1 1 0 0 0 0 0 1 0 0 0 0 0 0 1 0 0 0
Pathogen_147 0 0 1 1 1 1 0 1 1 1 0 0 1 1 0 0 0 0 0 0
Pathogen_148 1 0 0 1 1 1 0 0 0 0 1 1 0 1 0 1 0 1 1 0
Pathogen_149 0 0 0 0 1 0 1 1 0 1 0 0 1 0 0 0 1 1 0 0
Pathogen_150 0 0 1 0 1 1 1 0 1 0 0 0 0 0 0 0 0 0 0 0
Pathogen_151 0 0 1 0 0 0 0 1 0 0 0 0 0 0 0 0 0 0 1 1
Pathogen_152 0 0 1 0 0 1 0 0 0 1 0 0 0 0 1 1 1 1 0 1
Pathogen_153 1 0 0 0 0 0 0 0 0 0 0 0 0 0 0 0 0 0 1 0
Pathogen_154 0 1 0 0 1 1 1 1 0 0 1 0 0 0 0 0 0 0 0 1
Pathogen_155 0 0 0 0 0 0 0 0 1 1 0 0 0 0 1 1 0 0 1 1
Pathogen_156 0 0 0 0 0 1 0 1 0 1 0 0 0 0 0 0 1 1 0 0
Pathogen_157 0 0 0 0 1 0 0 1 1 0 0 0 1 1 0 0 0 0 0 0
Pathogen_158 0 0 0 0 0 1 0 1 0 0 0 1 0 0 0 0 0 0 0 0
Pathogen_159 0 0 0 0 1 1 1 0 0 1 0 1 1 0 0 0 0 0 1 0
Pathogen_160 1 0 0 0 0 1 0 1 0 1 0 0 0 0 1 0 1 0 0 1
Pathogen_161 1 0 0 0 0 0 1 0 0 0 0 0 0 0 0 1 1 0 1 0
Pathogen_162 0 1 0 0 0 1 0 0 0 1 0 1 0 0 0 0 0 1 0 1
Pathogen_163 0 0 0 0 0 0 0 0 0 1 0 1 0 0 0 1 0 0 0 0
Pathogen_164 1 0 1 0 0 0 0 0 0 0 1 0 0 0 0 0 0 0 0 1
Pathogen_165 1 0 1 0 0 1 0 0 0 0 0 0 0 1 0 0 1 1 0 0
Pathogen_166 0 0 1 0 1 1 0 0 1 1 0 0 1 1 0 0 0 1 1 1
Pathogen_167 0 0 0 0 1 0 0 0 1 1 0 1 1 0 0 0 0 1 0 0
Pathogen_168 0 0 0 0 0 0 0 1 0 1 1 0 0 0 1 0 0 0 0 0
Pathogen_169 0 0 0 0 0 0 0 0 0 1 0 0 0 1 0 0 1 0 1 0
Pathogen_170 0 0 0 1 0 1 1 0 0 0 0 1 1 0 1 0 1 0 1 0
Pathogen_171 0 0 0 0 0 0 0 1 0 0 0 1 1 0 1 0 1 0 1 0
Pathogen_172 0 0 0 1 0 1 0 0 0 1 1 1 1 0 0 0 0 1 0 1
Pathogen_173 0 0 0 0 1 1 1 0 0 1 0 0 1 1 0 1 0 0 0 0
Pathogen_174 0 0 0 0 0 0 0 0 0 0 1 0 1 0 0 0 0 0 0 0
Pathogen_175 1 0 0 1 0 0 0 0 0 0 0 0 1 0 0 0 1 0 0 1
Pathogen_176 0 0 0 1 1 0 0 1 0 0 0 0 1 0 0 0 0 0 0 0
Pathogen_177 1 1 0 0 1 1 0 0 0 0 0 0 1 0 0 0 1 0 0 0
Pathogen_178 1 0 0 0 0 1 0 0 0 1 0 0 1 0 1 0 0 0 0 1
Pathogen_179 1 1 0 0 1 0 0 0 0 0 1 1 1 0 0 0 0 0 1 1
Pathogen_180 0 1 0 0 0 0 1 0 0 1 0 0 1 1 0 0 0 0 1 0
Pathogen_181 0 0 0 0 1 1 1 1 0 1 0 0 0 0 0 0 1 0 0 0
Pathogen_182 0 0 0 0 0 0 0 0 0 1 0 0 1 0 0 1 0 0 0 0
Pathogen_183 0 0 0 0 0 0 0 1 1 0 0 0 1 0 0 0 1 0 1 1
Pathogen_184 0 0 0 0 0 1 1 1 0 0 0 0 0 1 1 0 0 0 0 0
Pathogen_185 1 0 0 0 0 0 0 1 0 0 0 1 0 0 0 1 0 0 0 0
Pathogen_186 0 0 0 0 0 0 1 0 0 1 1 0 0 0 0 0 1 0 0 0
Pathogen_187 0 0 0 0 0 1 1 0 0 1 0 0 0 0 0 0 0 0 0 0
Pathogen_188 0 0 0 0 0 0 0 0 0 1 1 0 1 0 0 0 1 1 0 0
Pathogen_189 0 1 0 0 0 1 0 1 0 1 1 0 0 0 0 0 0 0 1 1
Pathogen_190 0 0 1 0 0 0 0 0 0 0 1 0 0 0 0 0 0 0 1 0
Pathogen_191 0 0 0 0 1 0 0 0 0 1 0 0 1 0 0 0 0 1 1 1
Pathogen_192 1 0 0 0 0 1 0 1 0 0 1 0 1 0 0 0 1 1 0 0
Pathogen_193 0 1 0 0 0 0 0 1 0 0 0 0 0 0 0 0 0 0 1 1
Pathogen_194 0 0 0 0 1 1 0 0 0 0 0 0 0 0 0 1 1 0 0 0
Pathogen_195 0 1 0 0 0 0 0 0 0 0 0 0 1 0 0 0 1 1 1 1
Pathogen_196 0 1 0 0 1 0 0 0 0 1 0 0 1 1 0 0 0 0 1 0
Pathogen_197 1 0 0 0 0 0 1 1 0 1 0 1 1 0 0 0 0 0 1 0
Pathogen_198 0 0 0 1 0 1 0 0 1 1 0 0 1 0 0 1 1 0 1 0
Pathogen_199 0 1 0 0 0 0 0 0 0 0 0 0 0 0 0 0 0 1 0 1
Pathogen_200 1 1 0 0 1 0 0 0 0 0 0 0 1 0 0 0 0 1 0 0
Pathogen_201 0 0 0 0 0 0 1 1 0 1 0 0 0 0 1 0 0 0 0 0
Pathogen_202 0 0 0 0 1 1 1 1 1 1 0 0 1 0 0 0 1 0 0 1
Pathogen_203 0 0 0 0 0 0 1 0 0 1 0 0 1 1 1 0 0 0 0 0
Pathogen_204 0 0 0 0 0 1 0 0 0 1 0 0 1 0 0 0 1 0 0 1
Pathogen_205 0 0 1 0 1 0 0 1 0 1 0 0 1 1 0 0 0 1 1 0
Pathogen_206 1 0 0 0 0 0 0 1 0 1 0 0 0 0 0 0 1 1 0 0
Pathogen_207 1 0 1 0 0 0 0 0 0 1 0 0 0 1 0 0 0 0 0 0
Pathogen_208 0 1 0 0 1 0 0 0 0 0 0 0 0 0 0 0 0 0 0 0
Pathogen_209 0 0 0 0 0 0 1 1 0 0 0 0 1 0 0 0 0 0 0 1
Pathogen_210 0 1 0 0 0 1 0 0 0 0 0 0 1 0 0 0 1 0 0 0
Pathogen_211 1 0 0 0 0 0 0 0 0 1 0 0 1 0 1 0 0 0 0 0
Pathogen_212 0 0 0 0 0 0 0 0 0 1 1 0 0 0 1 1 1 0 0 1
Pathogen_213 0 0 0 0 0 0 0 0 1 0 0 1 1 0 1 0 0 0 1 1
Pathogen_214 0 0 0 0 0 0 0 0 0 1 0 1 0 0 0 0 0 0 0 1
Pathogen_215 0 1 0 0 1 1 0 0 0 0 0 0 1 0 0 1 0 0 0 0
Pathogen_216 0 0 0 0 0 0 0 0 0 1 1 0 0 0 1 1 1 0 0 0
Pathogen_217 0 0 0 0 0 0 0 0 0 0 0 0 1 0 0 0 1 0 0 0
Pathogen_218 0 0 0 0 0 0 0 0 0 0 0 0 0 1 1 0 0 0 0 0
Pathogen_219 0 0 0 1 0 0 1 0 1 1 0 0 1 0 0 0 1 1 0 0
Pathogen_220 0 1 0 0 0 0 1 1 1 0 0 0 0 0 0 0 0 0 0 0
Pathogen_221 1 0 0 0 0 0 0 0 0 0 0 0 0 0 0 0 0 1 1 1
Pathogen_222 1 0 0 0 1 0 0 1 0 0 0 0 0 0 0 0 1 1 0 1
Pathogen_223 1 1 0 0 0 0 0 1 0 1 1 0 1 0 0 0 0 0 0 0
Pathogen_224 0 0 0 0 1 1 0 0 1 1 0 0 0 0 0 0 1 0 0 0
Pathogen_225 0 0 0 1 0 0 0 0 0 1 0 0 1 0 0 0 0 0 0 0
Pathogen_226 0 0 0 0 1 0 0 1 1 0 0 0 0 0 0 0 0 1 1 1
Pathogen_227 0 0 1 0 0 0 0 0 0 0 0 0 1 0 0 0 0 0 0 0
Pathogen_228 0 0 1 0 0 1 0 0 0 1 0 0 0 0 0 0 0 1 0 1
Pathogen_229 0 0 0 0 1 0 0 1 0 1 0 0 1 1 0 0 0 1 1 1
Pathogen_230 1 0 0 0 0 0 0 1 0 1 0 0 0 0 1 1 0 0 0 1
Pathogen_231 1 0 0 0 1 1 0 0 0 1 0 0 1 0 1 0 1 1 0 0
Pathogen_232 0 0 0 0 1 1 0 1 0 0 0 0 1 0 1 0 0 1 0 0
Pathogen_233 1 0 0 0 0 0 0 1 0 0 0 1 0 0 0 0 0 1 1 0
Pathogen_234 0 1 0 0 0 0 0 0 1 1 0 0 1 0 0 0 0 1 1 0
Pathogen_235 0 0 0 0 1 0 0 0 1 1 1 1 1 1 0 1 1 0 0 0
Pathogen_236 0 0 0 0 0 0 0 0 0 1 0 0 1 0 0 0 1 0 1 1
Pathogen_237 0 1 0 0 0 1 0 1 0 1 0 0 1 0 1 0 0 1 0 0
Pathogen_238 0 0 0 0 1 0 0 0 0 1 0 0 0 0 0 0 1 1 0 0
Pathogen_239 1 0 0 0 0 1 0 0 1 0 0 0 0 0 0 0 0 0 0 0
Pathogen_240 0 0 1 0 0 0 1 1 0 0 0 0 0 0 0 0 0 0 1 0
Pathogen_241 0 0 0 0 0 0 0 0 0 0 1 0 0 0 0 0 0 0 1 0
Pathogen_242 0 0 0 0 1 1 0 0 0 0 0 0 1 0 0 0 0 0 0 0
Pathogen_243 0 0 0 0 0 0 0 0 0 0 0 0 1 0 1 0 0 1 1 0
Pathogen_244 0 0 0 0 0 0 0 0 0 0 0 0 1 0 0 0 0 0 0 1
Pathogen_245 0 0 0 0 0 0 0 1 0 1 0 0 1 0 1 1 1 0 0 0
Pathogen_246 1 1 0 0 1 0 0 0 0 0 0 0 0 0 0 1 0 0 0 0
Pathogen_247 0 0 0 0 1 0 0 0 0 0 0 0 1 1 1 1 0 0 0 0
Pathogen_248 0 0 0 0 0 0 0 0 0 1 0 0 0 0 1 0 1 0 0 1
Pathogen_249 0 1 0 0 1 0 1 0 0 1 0 0 0 0 1 0 1 0 1 1
Pathogen_250 0 0 0 0 0 0 0 0 0 1 0 0 1 1 0 1 0 0 1 0
Pathogen_251 0 0 1 0 1 1 0 0 0 1 0 0 0 0 0 0 0 0 0 1
Pathogen_252 0 0 1 0 1 1 1 1 1 1 1 1 1 0 0 0 0 0 1 0
Pathogen_253 0 0 0 1 1 1 0 0 0 1 1 0 0 1 0 1 0 0 0 1
Pathogen_254 0 0 0 0 1 1 0 0 1 1 1 0 0 0 0 0 1 1 0 1
Pathogen_255 0 0 0 1 0 1 1 1 1 0 0 0 0 0 1 0 1 0 0 1
Pathogen_256 0 0 1 0 1 1 1 0 0 1 0 0 1 0 0 0 1 0 0 0
Pathogen_257 1 0 1 1 1 0 0 0 1 1 0 0 0 0 0 0 0 0 0 1
Pathogen_258 1 0 0 0 0 1 0 0 0 1 0 0 1 0 0 1 0 0 0 1
Pathogen_259 0 1 1 1 1 1 1 1 0 1 0 1 0 0 0 0 1 0 0 0
Pathogen_260 0 1 1 0 1 1 1 1 1 0 0 0 0 1 1 0 0 0 1 0
Pathogen_261 1 0 0 0 1 1 1 0 1 0 0 0 0 0 1 1 0 1 0 1
Pathogen_262 0 1 1 1 1 1 0 0 0 1 1 0 0 0 0 0 0 0 0 0
Pathogen_263 0 0 0 0 1 1 1 1 1 0 0 1 0 0 0 0 0 0 1 0
Pathogen_264 0 0 1 0 1 1 1 0 1 1 0 0 0 0 0 0 0 0 0 1
Pathogen_265 0 0 1 0 1 1 0 1 1 1 1 0 1 0 0 0 1 1 1 0
Pathogen_266 0 0 0 1 1 1 0 0 1 1 0 0 0 0 0 0 1 0 1 0
Pathogen_267 0 1 0 0 1 0 0 0 1 1 0 0 0 0 1 0 1 0 0 0
Pathogen_268 0 0 0 0 0 1 1 1 0 1 0 0 0 0 0 1 0 0 1 0
Pathogen_269 0 0 1 0 0 0 0 0 0 1 0 0 0 0 0 0 0 1 1 0
Pathogen_270 0 0 0 1 0 1 0 0 0 1 0 1 1 0 0 0 0 1 0 1
Pathogen_271 1 1 1 1 1 1 0 1 0 1 0 0 1 0 1 0 1 1 0 0
Pathogen_272 0 1 1 1 1 0 0 1 0 1 0 0 1 0 0 0 0 0 0 0
Pathogen_273 0 0 0 1 1 1 0 0 0 0 0 0 1 0 0 0 1 0 0 1
Pathogen_274 0 0 0 1 1 1 0 0 1 0 1 0 0 0 0 0 1 1 0 1
Pathogen_275 0 0 1 0 1 0 0 0 0 1 0 0 1 1 0 0 1 0 0 1
Pathogen_276 0 0 1 0 1 1 0 1 1 1 0 0 0 0 0 0 0 0 1 0
Pathogen_277 1 0 1 0 0 1 1 1 0 1 0 0 0 0 0 0 0 1 0 1
Pathogen_278 0 0 0 0 0 0 0 0 0 1 0 0 1 0 0 0 0 0 0 1
Pathogen_279 0 1 1 0 0 1 0 0 0 1 0 0 0 0 0 0 1 0 0 0
Pathogen_280 0 1 1 0 1 0 0 1 0 1 0 0 1 0 0 0 0 0 0 0
Pathogen_281 0 0 0 0 1 1 0 0 1 1 1 0 0 0 0 0 0 1 0 0
Pathogen_282 1 1 0 0 1 1 0 1 0 1 0 0 1 0 0 0 0 0 0 1
Pathogen_283 0 0 1 0 1 1 0 0 1 1 0 0 0 0 0 0 0 1 0 0
Pathogen_284 0 0 1 0 1 1 0 0 0 1 0 0 0 0 1 0 0 1 1 0
Pathogen_285 0 0 1 0 0 1 0 0 0 1 0 0 1 0 1 0 1 0 0 0
Pathogen_286 0 0 1 1 1 1 0 0 1 1 0 0 0 0 0 0 1 0 0 1
Pathogen_287 0 0 1 0 0 1 0 1 1 1 1 1 0 0 0 0 0 0 0 0
Pathogen_288 0 0 1 0 1 1 1 0 0 1 0 0 0 0 0 0 0 0 0 0
Pathogen_289 0 0 0 1 0 1 0 0 1 1 0 0 1 0 0 0 0 1 0 0
Pathogen_290 0 1 1 1 1 1 0 1 0 1 0 0 1 0 1 0 0 1 0 0
Pathogen_291 1 0 0 0 1 0 0 0 1 1 1 0 0 0 0 0 0 1 0 0
Pathogen_292 0 1 1 1 1 1 0 0 0 1 0 0 1 0 1 0 1 0 0 0
Pathogen_293 1 1 0 0 1 1 0 1 1 0 0 0 0 0 0 0 0 0 0 0
Pathogen_294 1 1 1 0 0 0 1 0 0 1 0 0 0 0 0 1 0 1 0 0
Pathogen_295 0 0 1 1 1 1 0 1 0 1 0 0 1 1 0 1 1 0 1 1
Pathogen_296 0 0 0 1 1 1 0 1 0 1 1 1 0 0 0 0 0 0 0 1
Pathogen_297 1 1 0 0 1 1 0 1 1 0 0 0 1 0 0 1 0 1 1 1
Pathogen_298 0 0 1 0 1 0 0 0 1 1 0 0 0 0 0 0 0 1 1 0
Pathogen_299 0 0 1 0 1 1 0 1 1 1 0 0 1 1 0 0 0 0 0 0
Pathogen_300 0 1 1 1 1 1 1 1 1 1 0 0 0 0 0 0 0 0 0 0
Pathogen_301 0 0 1 0 0 1 1 0 1 1 1 0 1 0 0 0 0 0 1 0
Pathogen_302 1 0 0 0 1 1 0 0 0 1 0 0 0 0 1 0 1 0 0 1
Pathogen_303 0 1 0 1 0 1 0 0 0 0 0 0 1 0 0 0 0 1 0 1
Pathogen_304 0 1 1 0 1 1 0 1 0 0 0 0 1 0 0 0 1 0 1 0
Pathogen_305 1 0 1 1 0 1 0 1 0 1 0 0 0 0 0 1 1 0 1 1
Pathogen_306 0 0 1 1 1 0 0 0 1 1 1 0 0 1 0 0 1 0 0 0
Pathogen_307 1 1 0 1 1 1 1 0 0 1 0 0 1 0 1 0 0 0 0 1
Pathogen_308 0 0 1 0 1 1 0 1 1 1 0 0 1 1 0 1 0 0 1 0
Pathogen_309 0 1 1 1 1 1 0 1 0 1 1 0 0 0 0 0 0 0 1 1
Pathogen_310 0 0 1 0 1 1 0 1 1 1 1 0 1 0 1 0 0 0 0 0
Pathogen_311 1 0 1 0 1 1 1 1 0 1 0 0 1 0 0 0 0 1 1 1
Pathogen_312 0 0 0 0 0 1 1 1 0 0 0 0 0 0 1 0 1 1 0 0
Pathogen_313 0 1 0 1 1 1 1 1 0 1 0 1 0 0 1 0 0 1 0 0
Pathogen_314 0 0 1 0 1 0 0 0 0 1 0 0 1 0 0 0 0 0 0 0
Pathogen_315 0 1 1 0 1 1 0 1 1 1 0 0 1 0 1 1 1 0 0 1
Pathogen_316 0 0 1 0 1 1 0 1 0 0 1 0 1 0 0 0 0 0 0 0
Pathogen_317 0 0 0 0 1 1 0 0 0 1 0 0 0 0 0 0 1 0 0 1
Pathogen_318 0 0 1 0 0 0 0 0 0 1 0 1 0 0 1 0 0 0 0 0
Pathogen_319 0 1 1 1 1 0 1 0 0 1 0 0 1 0 1 0 0 0 0 1
Pathogen_320 0 0 0 0 0 1 0 1 1 1 0 0 1 0 0 0 0 0 0 0
Pathogen_321 0 1 1 0 1 0 0 1 0 1 0 0 0 0 0 0 1 0 1 0
Pathogen_322 0 0 0 1 1 1 1 1 1 0 0 0 1 0 1 0 1 1 0 1
Pathogen_323 0 0 1 0 1 0 0 0 0 1 0 0 1 0 0 0 1 1 0 0
Pathogen_324 0 1 1 0 1 0 0 0 0 1 0 0 0 0 0 0 1 0 0 1
Pathogen_325 0 1 1 0 1 1 1 1 0 1 0 0 1 0 0 0 0 0 1 0
Pathogen_326 0 0 1 0 1 1 0 1 1 0 0 0 1 0 0 0 0 1 1 1
Pathogen_327 1 0 0 0 0 1 0 1 1 1 1 0 1 0 0 0 0 0 0 1
Pathogen_328 1 0 1 0 0 1 0 0 0 1 0 0 1 0 0 0 0 0 0 0
Pathogen_329 1 0 1 0 1 1 0 1 0 1 0 0 0 0 1 0 1 0 1 1
Pathogen_330 0 0 0 1 0 0 0 1 0 1 0 0 1 0 0 0 0 0 1 0
Pathogen_331 0 1 1 0 1 1 0 1 0 1 0 0 0 0 1 0 0 0 0 0
Pathogen_332 0 0 1 1 0 1 0 1 1 1 0 0 1 0 0 0 0 0 1 0
Pathogen_333 0 0 0 0 1 0 0 1 0 1 0 0 0 1 0 0 0 0 1 0
Pathogen_334 0 1 0 1 0 1 0 1 0 1 0 0 0 1 0 0 0 0 0 1
Pathogen_335 0 1 0 1 1 1 0 0 0 1 0 0 1 0 0 0 0 0 0 1
Pathogen_336 0 1 1 0 1 1 0 1 1 1 0 0 0 0 0 0 0 0 1 1
Pathogen_337 0 0 0 0 0 1 1 1 1 1 0 0 0 0 0 0 0 0 1 0
Pathogen_338 0 1 1 1 1 1 1 1 0 1 0 1 1 0 0 0 1 1 0 0
Pathogen_339 0 0 0 0 0 1 1 0 1 1 0 0 1 1 1 0 0 1 0 0
Pathogen_340 0 1 0 1 1 1 1 0 0 1 0 1 0 0 0 0 0 1 0 0
Pathogen_341 1 0 0 0 1 0 0 1 0 1 0 0 1 0 0 0 1 1 1 1
Pathogen_342 0 1 1 0 1 1 0 1 0 1 0 0 0 0 0 0 1 0 1 0
Pathogen_343 0 0 0 0 1 1 0 1 1 0 0 0 0 0 0 1 0 1 1 0
Pathogen_344 0 0 0 1 1 1 0 1 0 1 1 0 0 0 1 0 0 0 1 0
Pathogen_345 0 0 0 1 1 1 0 1 0 1 0 0 1 0 1 0 1 1 0 0
Pathogen_346 0 0 1 1 0 1 0 0 0 1 0 1 1 0 0 0 0 0 0 0
Pathogen_347 1 1 1 1 1 1 0 0 0 1 0 1 1 0 0 0 1 0 0 0
Pathogen_348 0 0 0 0 1 1 0 1 0 1 0 0 1 0 0 0 0 0 0 1
Pathogen_349 0 0 0 1 0 1 0 0 0 0 0 0 0 0 1 0 0 0 1 1
Pathogen_350 0 0 1 1 0 0 1 0 0 1 0 1 0 0 0 0 0 1 0 1
Pathogen_351 0 0 0 0 0 1 1 0 0 0 0 0 0 0 0 1 1 0 0 0
Pathogen_352 0 0 0 0 0 0 0 0 0 0 0 0 1 0 1 0 0 1 1 0
Pathogen_353 0 0 0 0 0 0 0 0 0 1 0 0 0 0 1 0 1 0 1 0
Pathogen_354 0 0 0 1 1 1 0 0 0 0 0 0 1 0 0 0 0 1 1 0
Pathogen_355 0 0 0 0 0 1 0 0 0 1 0 0 0 1 0 0 0 1 0 1
Pathogen_356 1 0 0 0 1 0 0 0 0 0 0 0 1 0 0 0 0 0 0 0
Pathogen_357 0 0 0 1 1 0 0 0 0 1 0 0 0 0 1 0 0 0 0 0
Pathogen_358 1 1 0 0 0 0 0 1 0 0 1 0 0 0 0 1 0 0 1 0
Pathogen_359 0 0 0 1 0 1 0 1 0 0 0 0 0 0 0 0 0 1 1 1
Pathogen_360 0 0 0 0 0 0 0 0 0 1 0 0 0 0 1 1 1 1 0 0
Pathogen_361 0 0 1 0 0 0 0 0 1 0 1 0 1 0 0 0 1 0 1 0
Pathogen_362 0 0 0 0 0 0 1 1 0 1 0 0 0 0 0 0 1 1 0 0
Pathogen_363 0 1 0 0 0 0 0 0 0 0 0 0 1 0 0 0 1 0 0 0
Pathogen_364 0 0 0 0 0 0 0 0 0 1 0 0 1 0 0 0 0 0 0 0
Pathogen_365 0 0 0 0 0 0 1 0 1 0 0 0 1 0 1 0 1 0 0 1
Pathogen_366 0 0 0 0 0 0 0 0 0 0 0 1 0 0 0 0 0 0 0 1
Pathogen_367 1 0 0 1 1 1 0 0 0 0 0 0 0 0 0 1 0 0 1 0
Pathogen_368 1 0 0 0 0 0 0 0 0 0 0 0 1 0 0 1 0 0 0 0
Pathogen_369 0 0 0 0 0 0 0 0 0 0 1 0 0 0 1 0 0 1 1 0
Pathogen_370 0 0 0 0 1 0 1 0 1 1 0 0 1 0 0 0 1 0 0 0
Pathogen_371 0 0 0 0 1 1 0 0 0 1 0 1 0 0 0 1 0 1 1 1
Pathogen_372 0 0 0 0 0 0 0 1 0 1 0 0 1 0 0 0 0 0 0 0
Pathogen_373 0 0 0 0 0 0 0 0 0 0 0 0 1 0 0 0 0 0 1 1
Pathogen_374 0 0 0 0 1 0 0 0 1 0 0 0 0 1 0 0 1 0 0 0
Pathogen_375 1 1 0 0 0 0 0 0 0 1 0 1 0 0 0 0 1 0 1 0
Pathogen_376 0 0 0 0 1 0 0 0 0 1 0 0 1 0 0 0 0 0 0 1
Pathogen_377 1 1 0 0 1 1 0 0 0 1 0 0 0 0 0 0 0 1 0 0
Pathogen_378 0 0 0 1 1 0 1 1 0 1 0 0 1 0 0 0 0 1 0 1
Pathogen_379 1 0 1 1 1 0 0 0 1 1 0 0 0 0 0 0 0 0 1 0
Pathogen_380 0 0 0 0 0 0 1 0 1 1 1 1 1 0 1 0 0 1 1 1
Pathogen_381 0 0 0 0 0 0 1 1 0 0 0 0 0 0 0 0 0 1 1 0
Pathogen_382 0 0 0 0 1 0 0 0 0 1 0 0 1 0 1 0 0 0 0 0
Pathogen_383 0 0 0 0 0 0 0 0 0 1 0 0 0 1 0 0 0 0 1 0
Pathogen_384 0 1 0 0 0 1 1 0 0 1 0 0 0 0 0 0 0 0 0 0
Pathogen_385 1 0 0 0 1 1 1 0 0 0 0 1 1 0 0 0 0 1 0 1
Pathogen_386 0 1 0 0 1 1 0 0 0 0 0 0 0 0 0 0 1 0 0 1
Pathogen_387 0 1 0 0 0 0 0 0 1 0 0 0 0 0 0 0 1 1 1 0
Pathogen_388 1 0 0 1 0 1 0 1 0 1 0 0 1 0 0 0 1 0 1 0
Pathogen_389 0 0 0 1 0 0 0 0 1 0 0 0 0 0 0 0 0 1 0 0
Pathogen_390 0 0 0 0 0 0 0 0 0 1 0 0 1 0 0 0 0 0 1 0
Pathogen_391 0 0 0 0 1 1 0 0 1 0 1 0 0 0 0 0 1 1 0 0
Pathogen_392 0 1 0 0 0 0 1 0 0 1 0 0 0 0 0 0 1 0 0 0
Pathogen_393 0 0 0 1 1 0 0 0 0 0 0 0 0 1 0 0 0 0 0 0
Pathogen_394 0 0 0 0 0 0 1 1 0 1 0 0 0 0 0 0 0 0 1 0
Pathogen_395 0 1 0 0 0 1 0 0 0 1 0 0 0 0 0 0 0 0 1 0
Pathogen_396 1 0 1 0 0 1 0 0 0 0 0 0 1 0 0 0 1 0 0 1
Pathogen_397 0 0 0 0 0 1 0 0 1 1 1 0 0 0 0 0 1 0 1 0
Pathogen_398 0 0 0 0 1 0 0 1 0 0 0 0 0 0 0 0 0 1 0 1
Pathogen_399 0 0 0 0 0 0 0 0 0 0 0 0 0 0 0 0 0 0 0 1
Pathogen_400 0 1 1 0 1 0 1 1 0 0 0 1 0 1 0 0 0 0 0 1
Pathogen_401 0 0 0 1 0 1 1 0 0 0 0 0 1 0 0 0 0 0 0 0
Pathogen_402 0 0 0 1 0 1 0 1 1 0 0 0 0 0 1 0 0 1 0 0
Pathogen_403 0 1 1 0 0 0 0 0 0 0 1 0 1 0 1 0 1 0 1 0
Pathogen_404 1 0 1 0 1 1 0 0 1 0 0 0 1 0 0 0 0 0 0 1
Pathogen_405 0 0 0 0 0 1 0 0 0 0 0 1 0 0 0 0 0 0 0 1
Pathogen_406 1 0 0 0 0 0 0 0 0 1 0 1 0 0 0 0 0 0 0 0
Pathogen_407 0 0 1 0 0 0 0 1 0 0 0 0 1 0 0 0 1 0 0 0
Pathogen_408 0 0 0 0 0 0 0 0 0 0 1 0 0 0 0 0 0 0 0 1
Pathogen_409 0 0 0 0 0 1 0 1 0 1 0 0 1 1 0 0 1 0 0 0
Pathogen_410 1 1 0 0 1 0 0 1 1 1 0 0 0 1 1 0 0 0 1 1
Pathogen_411 0 1 0 0 0 0 0 1 0 1 1 0 0 0 1 0 1 0 1 0
Pathogen_412 0 0 0 0 0 0 1 0 0 0 0 1 1 0 1 0 0 0 0 1
Pathogen_413 1 0 0 0 1 1 1 0 0 0 0 0 1 0 1 0 1 0 1 0
Pathogen_414 0 1 0 0 1 0 0 1 1 0 0 0 1 0 0 0 1 0 0 1
Pathogen_415 0 0 0 0 0 0 0 0 0 1 0 1 1 0 1 0 0 1 1 1
Pathogen_416 0 0 0 0 1 0 0 0 0 1 1 0 0 0 1 0 1 1 0 1
Pathogen_417 0 0 0 0 1 1 1 0 0 0 0 0 0 0 1 0 0 0 1 0
Pathogen_418 1 1 0 0 0 0 0 0 0 0 0 0 0 0 0 0 0 1 1 0
Pathogen_419 0 0 0 0 0 1 0 0 1 0 0 0 0 0 0 0 1 0 0 1
Pathogen_420 0 1 0 0 0 0 0 1 0 0 1 0 0 0 1 0 0 0 0 0
Pathogen_421 0 0 0 0 1 1 1 0 1 1 0 0 0 0 1 1 0 1 0 1
Pathogen_422 0 0 0 0 1 0 0 0 1 1 0 0 0 0 1 0 0 0 1 0
Pathogen_423 0 1 0 0 0 1 0 1 1 1 0 0 0 0 1 0 1 0 0 1
Pathogen_424 1 0 1 1 1 0 0 0 0 0 0 0 1 0 1 0 0 0 1 0
Pathogen_425 0 0 0 0 0 1 0 0 0 1 0 0 0 0 0 0 0 1 0 0
Pathogen_426 0 1 0 0 0 1 0 0 0 0 0 0 1 0 1 0 0 0 1 1
Pathogen_427 0 0 0 0 1 0 1 0 1 0 0 0 1 0 0 0 1 1 0 1
Pathogen_428 0 1 0 0 1 0 1 0 0 1 0 0 1 0 1 0 0 0 1 1
Pathogen_429 0 0 0 0 1 1 0 0 0 1 0 0 1 0 0 0 0 0 0 1
Pathogen_430 0 0 0 0 1 0 0 0 0 1 1 1 0 0 1 0 0 0 0 0
Pathogen_431 0 0 0 0 0 0 0 0 0 0 0 0 1 0 0 0 0 0 0 1
Pathogen_432 0 1 1 0 1 1 0 0 0 0 0 1 1 0 0 1 0 0 0 0
Pathogen_433 1 0 0 0 1 0 1 0 1 0 0 0 1 0 0 0 0 0 0 1
Pathogen_434 0 0 0 0 0 1 1 0 0 1 0 0 0 0 1 0 0 1 0 1
Pathogen_435 1 0 1 0 0 0 0 0 0 0 0 0 0 0 0 0 0 1 1 0
Pathogen_436 1 0 0 0 0 0 1 0 0 0 0 1 1 0 0 0 1 1 1 1
Pathogen_437 0 0 0 1 0 0 0 0 0 1 1 0 1 0 1 1 1 1 0 0
Pathogen_438 0 0 0 0 1 0 1 1 0 0 0 0 1 0 1 0 0 1 0 0
Pathogen_439 0 0 0 0 0 0 0 0 1 1 0 0 1 0 0 0 0 1 0 1
Pathogen_440 0 0 0 0 1 1 0 1 1 1 0 0 1 1 1 0 1 0 0 1
Pathogen_441 0 0 0 1 0 0 0 0 0 0 1 0 0 0 0 0 0 0 0 1
Pathogen_442 0 0 0 0 0 0 1 0 0 0 0 0 0 0 1 0 1 0 1 0
Pathogen_443 0 0 0 0 0 1 0 1 0 0 0 0 0 0 1 0 0 0 0 0
Pathogen_444 0 1 0 0 0 0 0 0 0 0 1 0 0 1 1 0 1 0 1 0
Pathogen_445 0 0 0 0 0 0 0 0 0 0 0 0 1 0 0 0 0 0 0 1
Pathogen_446 0 0 0 0 1 0 0 1 1 0 0 0 1 0 0 0 0 0 1 1
Pathogen_447 1 1 0 0 1 1 1 1 0 0 0 0 1 0 0 0 1 0 1 0
Pathogen_448 0 0 0 0 0 0 1 1 0 0 0 0 1 0 0 0 1 1 0 0
Pathogen_449 0 1 0 0 0 1 0 0 0 0 0 0 0 0 0 0 1 0 1 1
Pathogen_450 0 0 0 0 1 1 0 0 0 1 0 0 1 0 0 0 1 1 0 0
Pathogen_451 0 1 1 0 0 0 0 0 0 0 0 0 0 0 0 0 0 1 0 1
Pathogen_452 0 0 1 0 1 1 0 0 1 0 0 0 0 0 0 0 0 1 0 0
Pathogen_453 0 0 0 0 1 0 0 1 0 0 0 0 1 0 0 1 0 0 0 0
Pathogen_454 1 0 0 1 0 0 0 0 0 0 0 0 1 0 0 0 0 0 0 0
Pathogen_455 0 0 0 0 0 0 0 0 0 0 0 0 1 0 0 0 0 0 0 1
Pathogen_456 0 1 0 0 1 1 0 1 0 0 0 0 0 0 0 0 1 0 1 0
Pathogen_457 1 0 1 0 0 1 1 0 0 1 0 0 0 0 1 0 0 1 0 0
Pathogen_458 0 0 0 0 0 0 0 0 0 0 0 0 0 0 0 0 0 0 0 0
Pathogen_459 0 0 1 0 0 0 0 1 1 0 0 0 1 0 0 0 0 0 0 1
Pathogen_460 0 0 0 1 0 0 0 0 0 0 1 0 1 0 1 1 1 0 0 0
Pathogen_461 0 0 0 0 1 0 0 0 1 0 0 0 0 1 0 0 0 1 0 1
Pathogen_462 0 1 0 0 0 1 0 0 0 0 0 0 0 1 0 0 1 0 0 1
Pathogen_463 1 0 0 0 1 0 1 0 0 1 0 0 1 0 1 0 0 1 1 0
Pathogen_464 0 0 0 0 1 0 1 1 0 0 0 0 0 0 1 0 1 0 1 1
Pathogen_465 0 0 0 0 0 1 0 0 0 1 0 0 1 0 0 1 0 0 0 0
Pathogen_466 0 0 0 0 1 0 1 0 0 0 0 0 1 0 0 1 0 0 0 1
Pathogen_467 0 0 0 0 0 0 0 0 0 1 1 0 0 0 0 0 0 0 0 1
Pathogen_468 0 0 0 0 0 0 0 0 0 0 0 0 1 0 1 0 1 0 1 0
Pathogen_469 0 0 0 0 1 0 1 0 0 0 1 0 0 0 0 0 0 0 0 1
Pathogen_470 0 1 0 0 0 1 0 0 0 1 0 0 0 1 0 0 1 0 0 0
Pathogen_471 0 0 0 0 0 1 0 0 1 1 0 0 0 0 0 0 0 0 0 0
Pathogen_472 0 0 0 0 1 1 1 1 0 1 0 0 0 0 0 0 0 0 0 0
Pathogen_473 0 1 0 0 1 1 1 0 0 0 0 1 0 0 0 0 0 0 0 0
Pathogen_474 0 0 1 0 0 0 0 0 1 1 0 0 1 0 0 0 0 0 1 1
Pathogen_475 0 0 0 0 1 0 0 1 1 1 0 1 0 1 0 0 0 0 0 1
Pathogen_476 0 0 1 0 0 1 0 1 0 0 1 0 0 0 1 0 0 1 1 0
Pathogen_477 0 1 0 0 0 0 0 1 1 0 0 0 1 0 1 1 0 0 1 1
Pathogen_478 0 0 0 0 1 0 1 0 0 0 0 0 1 0 0 0 0 1 1 0
Pathogen_479 0 0 0 0 0 0 1 1 0 1 0 0 1 0 0 1 0 1 0 0
Pathogen_480 0 0 0 1 0 0 1 0 0 0 0 0 0 0 0 1 0 1 0 1
Pathogen_481 0 0 0 0 0 1 0 0 0 0 0 0 0 0 0 0 1 0 1 1
Pathogen_482 0 0 0 0 1 1 0 0 0 0 0 0 0 0 0 1 0 0 0 1
Pathogen_483 0 0 0 0 1 0 0 0 1 1 0 1 1 0 1 0 0 0 1 0
Pathogen_484 0 0 0 0 0 0 1 0 0 0 0 0 0 0 0 0 0 1 0 1
Pathogen_485 0 1 0 0 1 0 1 1 0 1 0 0 0 0 0 0 0 0 1 0
Pathogen_486 0 1 0 0 1 0 0 0 0 0 0 0 0 1 0 0 1 1 1 1
Pathogen_487 0 1 0 1 1 0 0 1 0 0 0 0 1 1 1 0 0 1 1 1
Pathogen_488 0 0 0 0 1 0 0 0 0 1 1 0 0 0 0 0 1 1 0 1
Pathogen_489 0 0 0 0 0 0 0 0 0 1 0 0 1 0 0 0 0 1 0 1
Pathogen_490 1 0 1 0 1 0 1 0 0 0 0 1 0 0 1 0 0 0 0 1
Pathogen_491 0 0 1 0 0 0 1 0 0 0 0 0 0 0 0 0 0 0 0 0
Pathogen_492 0 1 0 0 0 0 0 0 0 1 0 0 0 0 0 0 0 1 0 0
Pathogen_493 1 0 1 0 0 0 1 0 0 0 0 0 1 0 1 0 0 1 0 1
Pathogen_494 0 0 0 0 1 1 1 0 0 1 0 1 0 0 0 0 0 0 1 0
Pathogen_495 1 0 0 0 0 1 1 1 0 0 0 0 0 0 1 0 0 0 0 1
Pathogen_496 0 1 0 0 0 0 0 1 0 1 0 0 0 0 1 0 0 0 0 0
Pathogen_497 0 1 0 0 0 0 1 0 0 1 0 1 0 1 0 0 0 0 1 1
Pathogen_498 0 1 0 0 1 1 1 1 0 0 1 0 1 0 1 0 0 0 1 0
Pathogen_499 1 0 0 0 0 0 0 0 0 1 0 1 1 0 0 0 0 1 0 0
Pathogen_500 0 0 0 0 0 0 0 1 0 0 0 0 0 0 0 0 0 0 1 1
